I
1130 Generated by WorldEditor 2.4.0r2

1    819 0 0 KHFY Indy South Greenwood
1302 city Indianapolis
1302 country United States
1302 datum_lat 39.627611111
1302 datum_lon -86.088027778
1302 faa_code HFY
1302 gui_label 3D
1302 iata_code 
1302 icao_code KHFY
1302 region_code K5
1302 state Indiana
1302 transition_alt 18000
1302 transition_level 18000
100 22.86 1 0 0.25 0 2 0   1  39.62068479 -086.08923171 31 0 2 0 0 2 19  39.63455657 -086.08682860 31 0 2 0 0 2
110 1 0.25 0.0 T's Taxiway Network
111  39.63220990 -086.09027455
112  39.63220990 -086.09027455  39.63219804 -086.09028059
111  39.63219755 -086.09030304
111  39.63219435 -086.09075064
111  39.63217270 -086.09075130
111  39.63214356 -086.09075129
111  39.63206465 -086.09075268
111  39.63205582 -086.09073636
111  39.63177777 -086.09073619
111  39.63174317 -086.09073570
111  39.63147904 -086.09073092
111  39.63144145 -086.09073091
111  39.63135300 -086.09072842
111  39.63135308 -086.09008586
111  39.63135306 -086.09001253
111  39.63135252 -086.08855355
111  39.63135250 -086.08850041
111  39.63140097 -086.08849932
111  39.63144823 -086.08849827
112  39.63146277 -086.08855367  39.63147510 -086.08857762
111  39.63146277 -086.08855367
112  39.63150088 -086.08861371  39.63151634 -086.08862916
111  39.63150088 -086.08861371
112  39.63150088 -086.08861371  39.63153448 -086.08864728
111  39.63159002 -086.08865057
111  39.63227106 -086.08863892
112  39.63240376 -086.08852865  39.63246934 -086.08841469
111  39.63250655 -086.08841299
111  39.63353333 -086.08839110
111  39.63372316 -086.08838359
111  39.63388929 -086.08837701
111  39.63444004 -086.08837034
112  39.63444004 -086.08837034  39.63446578 -086.08836735
111  39.63448035 -086.08833060
111  39.63448116 -086.08855703
112  39.63448116 -086.08855703  39.63446141 -086.08855634
111  39.63446138 -086.08856975
111  39.63446136 -086.08869948
112  39.63446136 -086.08869948  39.63446241 -086.08875286
111  39.63447987 -086.08874678
111  39.63459382 -086.08874418
111  39.63459485 -086.08888514
111  39.63471553 -086.08888231
112  39.63471553 -086.08888231  39.63471267 -086.08890872
112  39.63469621 -086.08895257  39.63468840 -086.08897016
111  39.63469621 -086.08895257
112  39.63469621 -086.08895257  39.63466886 -086.08901417
112  39.63459806 -086.08908941  39.63454601 -086.08914024
111  39.63446143 -086.08912751
111  39.63446178 -086.08918205
111  39.63440913 -086.08918370
111  39.63440916 -086.08903163
112  39.63440916 -086.08903163  39.63439455 -086.08903108
112  39.63423825 -086.08903154  39.63422306 -086.08903237
111  39.63423825 -086.08903154
112  39.63423825 -086.08903154  39.63423427 -086.08903982
111  39.63423589 -086.08950923
111  39.63419244 -086.08951253
111  39.63419301 -086.08945824
112  39.63418175 -086.08943027  39.63416811 -086.08941613
111  39.63413555 -086.08942124
111  39.63413596 -086.08938697
112  39.63419338 -086.08936201  39.63419446 -086.08933473
112  39.63419534 -086.08925058  39.63419386 -086.08921321
111  39.63414848 -086.08922037
111  39.63414842 -086.08918501
112  39.63419383 -086.08916627  39.63419346 -086.08914896
112  39.63419500 -086.08904431  39.63419489 -086.08901700
111  39.63414530 -086.08902086
111  39.63414620 -086.08897309
112  39.63419525 -086.08895008  39.63419593 -086.08892325
112  39.63419714 -086.08884437  39.63419676 -086.08881064
111  39.63414430 -086.08881727
111  39.63414320 -086.08887370
111  39.63406216 -086.08887513
111  39.63406202 -086.08891907
112  39.63401554 -086.08895036  39.63401429 -086.08898141
112  39.63401432 -086.08903297  39.63401449 -086.08907457
111  39.63406106 -086.08907167
111  39.63406060 -086.08912091
112  39.63401536 -086.08915577  39.63401483 -086.08919187
112  39.63401452 -086.08923643  39.63401444 -086.08927116
111  39.63405982 -086.08927714
111  39.63405896 -086.08932739
112  39.63401631 -086.08935102  39.63401158 -086.08936962
112  39.63402215 -086.08946778  39.63403860 -086.08948612
111  39.63405706 -086.08948308
111  39.63405821 -086.08952857
112  39.63402360 -086.08954352  39.63401434 -086.08955740
111  39.63401170 -086.08956504
111  39.63401201 -086.08980510
111  39.63395596 -086.08980381
112  39.63394339 -086.08976032  39.63393340 -086.08974856
111  39.63390908 -086.08974819
111  39.63390710 -086.08990811
111  39.63381492 -086.08990934
111  39.63381481 -086.08985776
112  39.63375244 -086.08987201  39.63374350 -086.08989318
111  39.63374654 -086.08990775
111  39.63368975 -086.08990833
112  39.63368406 -086.08987659  39.63367677 -086.08986712
111  39.63361506 -086.08987647
111  39.63361562 -086.08992657
111  39.63351216 -086.08992636
111  39.63351065 -086.08976515
112  39.63345138 -086.08978449  39.63343872 -086.08980559
111  39.63344264 -086.08983529
111  39.63338567 -086.08983709
112  39.63337890 -086.08978061  39.63336862 -086.08976353
111  39.63331642 -086.08976958
111  39.63331652 -086.08992383
111  39.63321418 -086.08992621
111  39.63321448 -086.08986922
112  39.63315696 -086.08987832  39.63314514 -086.08989335
111  39.63314542 -086.08992577
111  39.63309125 -086.08992748
111  39.63309102 -086.08982170
111  39.63301951 -086.08982361
111  39.63301505 -086.09012046
111  39.63289567 -086.09012181
111  39.63280149 -086.09010126
111  39.63277608 -086.08995667
112  39.63277966 -086.08980665  39.63277949 -086.08973702
111  39.63269438 -086.08975376
111  39.63269381 -086.09012854
111  39.63257339 -086.09013010
112  39.63252866 -086.09015093  39.63252367 -086.09017224
111  39.63252866 -086.09015093
111  39.63252863 -086.09027318
113  39.63249228 -086.09027305
111  39.63390848 -086.08969693
112  39.63395418 -086.08965547  39.63395394 -086.08961310
112  39.63395335 -086.08958403  39.63395333 -086.08954740
113  39.63390970 -086.08954572
111  39.63391034 -086.08928351
112  39.63395671 -086.08925008  39.63395750 -086.08921204
112  39.63395682 -086.08917484  39.63395634 -086.08913999
113  39.63391116 -086.08913655
111  39.63391137 -086.08908296
112  39.63395873 -086.08904334  39.63395879 -086.08900348
112  39.63395836 -086.08897571  39.63395742 -086.08892722
113  39.63391300 -086.08893115
111  39.63391281 -086.08888343
112  39.63395929 -086.08883647  39.63395914 -086.08879195
112  39.63395886 -086.08876232  39.63395913 -086.08872677
113  39.63391266 -086.08872923
111  39.63382405 -086.08862322
112  39.63374815 -086.08866315  39.63374725 -086.08871057
112  39.63374743 -086.08873231  39.63374737 -086.08878551
113  39.63382284 -086.08878235
111  39.63382283 -086.08883047
112  39.63375171 -086.08886665  39.63375061 -086.08891030
112  39.63374941 -086.08893703  39.63374773 -086.08899067
113  39.63382186 -086.08898357
111  39.63382266 -086.08903203
112  39.63374640 -086.08907472  39.63374561 -086.08912911
112  39.63374557 -086.08913846  39.63374428 -086.08918639
113  39.63382283 -086.08918418
111  39.63382110 -086.08923514
112  39.63374698 -086.08927620  39.63374512 -086.08932665
112  39.63374624 -086.08934577  39.63374672 -086.08939797
113  39.63381947 -086.08938525
112  39.63374474 -086.08948666  39.63374300 -086.08954317
112  39.63374379 -086.08954538  39.63374299 -086.08960192
111  39.63382104 -086.08958868
113  39.63382199 -086.08944053
112  39.63374454 -086.08977461  39.63374395 -086.08981004
111  39.63381767 -086.08980573
111  39.63381899 -086.08964995
114  39.63374572 -086.08969651  39.63374390 -086.08975587
111  39.63361431 -086.08982063
112  39.63368405 -086.08977728  39.63368486 -086.08972237
112  39.63368479 -086.08969504  39.63368359 -086.08966011
113  39.63361397 -086.08966169
111  39.63361449 -086.08960699
112  39.63368655 -086.08957765  39.63368745 -086.08954571
112  39.63368786 -086.08949469  39.63368636 -086.08943999
113  39.63361196 -086.08944916
111  39.63361518 -086.08939993
112  39.63368934 -086.08935192  39.63368974 -086.08930141
112  39.63369085 -086.08927979  39.63369346 -086.08922264
113  39.63361757 -086.08923405
111  39.63361551 -086.08918428
112  39.63368848 -086.08914825  39.63369001 -086.08911118
112  39.63369078 -086.08906583  39.63369004 -086.08902045
113  39.63361768 -086.08902165
111  39.63361791 -086.08897101
112  39.63368920 -086.08893409  39.63369139 -086.08889189
112  39.63369132 -086.08885971  39.63369194 -086.08880096
113  39.63361704 -086.08881312
111  39.63361716 -086.08876181
112  39.63369112 -086.08871670  39.63369033 -086.08866693
111  39.63369112 -086.08871670
111  39.63368899 -086.08853838
112  39.63368899 -086.08853838  39.63366462 -086.08846505
112  39.63362401 -086.08844979  39.63360331 -086.08844812
111  39.63362401 -086.08844979
111  39.63351075 -086.08845586
112  39.63351075 -086.08845586  39.63348581 -086.08846619
112  39.63346961 -086.08849168  39.63346123 -086.08850623
111  39.63346961 -086.08849168
112  39.63346961 -086.08849168  39.63343839 -086.08854582
112  39.63346129 -086.08863638  39.63347124 -086.08865728
111  39.63351362 -086.08865298
111  39.63351409 -086.08859129
113  39.63361961 -086.08859449
111  39.63351413 -086.08870436
112  39.63345147 -086.08873464  39.63344652 -086.08877738
112  39.63345011 -086.08882401  39.63344836 -086.08886835
113  39.63351519 -086.08886034
111  39.63351402 -086.08891767
112  39.63344751 -086.08895687  39.63344541 -086.08900509
112  39.63344647 -086.08902950  39.63344665 -086.08907624
111  39.63344647 -086.08902950
112  39.63344647 -086.08902950  39.63344591 -086.08908752
113  39.63351356 -086.08907796
111  39.63351338 -086.08912283
112  39.63344439 -086.08917092  39.63344348 -086.08922534
112  39.63344514 -086.08924851  39.63344617 -086.08929734
113  39.63351239 -086.08928821
111  39.63351323 -086.08934474
112  39.63344779 -086.08937599  39.63344629 -086.08941858
112  39.63344728 -086.08946843  39.63344670 -086.08950951
113  39.63351189 -086.08950599
111  39.63350941 -086.08955163
112  39.63344697 -086.08958863  39.63344451 -086.08963324
112  39.63344603 -086.08968003  39.63344630 -086.08972318
113  39.63350897 -086.08971291
111  39.63290800 -086.08965608
111  39.63286803 -086.08965522
112  39.63286803 -086.08965522  39.63285477 -086.08965955
112  39.63283864 -086.08968976  39.63283317 -086.08970678
111  39.63283864 -086.08968976
111  39.63283800 -086.08978945
112  39.63283800 -086.08978945  39.63283877 -086.08982537
111  39.63286560 -086.08983536
113  39.63290723 -086.08983421
111  39.63292104 -086.08944251
112  39.63284120 -086.08948397  39.63283987 -086.08953529
112  39.63283958 -086.08955509  39.63283916 -086.08961029
113  39.63291966 -086.08960487
111  39.63292161 -086.08923194
112  39.63284297 -086.08926761  39.63284187 -086.08931173
112  39.63284122 -086.08933607  39.63284024 -086.08939455
111  39.63284122 -086.08933607
112  39.63284122 -086.08933607  39.63284150 -086.08940232
113  39.63291990 -086.08939107
111  39.63292288 -086.08901994
112  39.63284270 -086.08906833  39.63284152 -086.08913209
111  39.63284270 -086.08906833
112  39.63284291 -086.08913563  39.63284577 -086.08918998
111  39.63284291 -086.08913563
112  39.63284291 -086.08913563  39.63284310 -086.08918278
113  39.63292158 -086.08917614
111  39.63292424 -086.08880661
112  39.63284597 -086.08884093  39.63284352 -086.08888942
112  39.63284575 -086.08892277  39.63284814 -086.08897231
113  39.63292252 -086.08896533
111  39.63302838 -086.08864587
112  39.63309243 -086.08861720  39.63310256 -086.08858221
111  39.63309243 -086.08861720
112  39.63309243 -086.08861720  39.63309763 -086.08859363
112  39.63308291 -086.08850754  39.63306643 -086.08848262
112  39.63301726 -086.08846390  39.63298288 -086.08845986
111  39.63301726 -086.08846390
112  39.63290020 -086.08847407  39.63286479 -086.08849233
111  39.63284736 -086.08855090
112  39.63285320 -086.08873261  39.63286578 -086.08876071
111  39.63292479 -086.08875054
111  39.63292342 -086.08858946
113  39.63302823 -086.08859159
111  39.63302502 -086.08886297
112  39.63309350 -086.08882005  39.63309293 -086.08876972
112  39.63309289 -086.08873754  39.63309248 -086.08868914
113  39.63302786 -086.08869643
111  39.63302277 -086.08907701
112  39.63309354 -086.08903664  39.63309475 -086.08899390
112  39.63309425 -086.08895365  39.63309367 -086.08889986
113  39.63302433 -086.08891110
111  39.63302244 -086.08928547
112  39.63308491 -086.08926854  39.63309788 -086.08924678
112  39.63308268 -086.08913466  39.63306880 -086.08911838
113  39.63302391 -086.08911998
111  39.63302165 -086.08949877
112  39.63308280 -086.08947958  39.63309932 -086.08945580
111  39.63308280 -086.08947958
112  39.63308280 -086.08947958  39.63309105 -086.08946769
112  39.63309240 -086.08938491  39.63309261 -086.08932675
113  39.63302169 -086.08933373
111  39.63302043 -086.08966032
111  39.63309076 -086.08966093
112  39.63308433 -086.08957000  39.63307349 -086.08954246
113  39.63302113 -086.08954909
111  39.63321894 -086.08965571
112  39.63314687 -086.08969059  39.63314625 -086.08973346
112  39.63314786 -086.08977450  39.63314946 -086.08982550
113  39.63321736 -086.08981923
111  39.63321950 -086.08944476
112  39.63314894 -086.08948692  39.63314649 -086.08954321
112  39.63314913 -086.08956964  39.63315047 -086.08961129
113  39.63321938 -086.08960439
111  39.63322348 -086.08923306
112  39.63314974 -086.08927376  39.63314627 -086.08932952
112  39.63315016 -086.08935810  39.63315311 -086.08939544
113  39.63321981 -086.08939208
111  39.63322259 -086.08901718
112  39.63315068 -086.08906110  39.63314684 -086.08911639
112  39.63314921 -086.08913558  39.63315003 -086.08917821
113  39.63322217 -086.08918256
111  39.63322127 -086.08881197
112  39.63315426 -086.08884286  39.63315169 -086.08888651
112  39.63315159 -086.08892513  39.63315309 -086.08897501
113  39.63322157 -086.08896709
111  39.63322124 -086.08858811
111  39.63332312 -086.08859021
111  39.63332295 -086.08864903
112  39.63338791 -086.08863107  39.63339481 -086.08860757
112  39.63338439 -086.08851832  39.63337695 -086.08850017
112  39.63332383 -086.08846278  39.63330909 -086.08845560
112  39.63320705 -086.08846718  39.63318979 -086.08847758
112  39.63315391 -086.08856698  39.63315028 -086.08863537
112  39.63316198 -086.08874129  39.63317891 -086.08876457
113  39.63322235 -086.08875693
111  39.63332183 -086.08885747
112  39.63338337 -086.08884442  39.63339328 -086.08882522
112  39.63338415 -086.08872347  39.63337130 -086.08869891
113  39.63332286 -086.08869927
111  39.63332139 -086.08907244
112  39.63338661 -086.08904744  39.63338730 -086.08901972
112  39.63337943 -086.08893087  39.63336384 -086.08890776
113  39.63331968 -086.08891572
111  39.63331780 -086.08928733
112  39.63338580 -086.08924807  39.63338732 -086.08920548
112  39.63338426 -086.08915775  39.63337898 -086.08911752
113  39.63332223 -086.08912771
111  39.63331810 -086.08949902
112  39.63338594 -086.08946770  39.63338589 -086.08943379
112  39.63338322 -086.08937021  39.63337320 -086.08933957
113  39.63331795 -086.08934357
111  39.63331724 -086.08971448
112  39.63338284 -086.08968003  39.63338347 -086.08963691
112  39.63338409 -086.08958554  39.63338378 -086.08954443
113  39.63331882 -086.08954992
111  39.63259114 -086.08986043
112  39.63252805 -086.08989261  39.63252142 -086.08993536
111  39.63252805 -086.08989261
112  39.63254790 -086.08992250  39.63257373 -086.08992312
111  39.63254790 -086.08992250
113  39.63259145 -086.08992273
111  39.63259670 -086.08964645
112  39.63252819 -086.08968416  39.63252705 -086.08972653
112  39.63252731 -086.08976712  39.63252824 -086.08981710
113  39.63259574 -086.08980519
111  39.63259745 -086.08943514
112  39.63252861 -086.08946792  39.63252614 -086.08950993
112  39.63252905 -086.08956482  39.63253185 -086.08960025
113  39.63259733 -086.08959355
111  39.63260019 -086.08922270
112  39.63252909 -086.08925839  39.63252699 -086.08930332
112  39.63252846 -086.08934760  39.63253024 -086.08939410
113  39.63259833 -086.08938405
111  39.63260331 -086.08900922
112  39.63252688 -086.08904721  39.63252608 -086.08909270
112  39.63252659 -086.08912337  39.63252798 -086.08918090
113  39.63260137 -086.08917040
111  39.63260463 -086.08879604
112  39.63252696 -086.08883816  39.63252378 -086.08888763
111  39.63252374 -086.08892296
112  39.63252374 -086.08892296  39.63253322 -086.08897201
113  39.63260519 -086.08895659
111  39.63260459 -086.08858221
111  39.63270805 -086.08858272
111  39.63270763 -086.08864164
111  39.63276056 -086.08864146
112  39.63276056 -086.08864146  39.63278015 -086.08864146
112  39.63279081 -086.08857673  39.63279158 -086.08854325
112  39.63274821 -086.08848551  39.63271596 -086.08846166
111  39.63262670 -086.08846610
112  39.63254201 -086.08851355  39.63251374 -086.08857992
112  39.63252967 -086.08871825  39.63253780 -086.08875447
113  39.63260570 -086.08874572
111  39.63270602 -086.08885550
112  39.63278875 -086.08881582  39.63279002 -086.08876628
112  39.63278974 -086.08874197  39.63279068 -086.08868583
113  39.63270834 -086.08869262
111  39.63270370 -086.08906439
112  39.63278789 -086.08901373  39.63278853 -086.08895223
112  39.63278906 -086.08895386  39.63278860 -086.08889451
113  39.63270620 -086.08890478
111  39.63270091 -086.08927733
112  39.63278446 -086.08923538  39.63278582 -086.08918089
112  39.63278612 -086.08916551  39.63278728 -086.08910455
113  39.63270361 -086.08911370
111  39.63269994 -086.08949049
112  39.63278350 -086.08943931  39.63278373 -086.08937479
112  39.63278324 -086.08937416  39.63278123 -086.08932100
113  39.63270152 -086.08932935
111  39.63269684 -086.08970096
112  39.63278071 -086.08965841  39.63278209 -086.08960368
111  39.63278071 -086.08965841
112  39.63278071 -086.08965841  39.63278069 -086.08963089
112  39.63275305 -086.08954310  39.63271794 -086.08953518
111  39.63275305 -086.08954310
113  39.63269837 -086.08954369
112  39.63245473 -086.08879482  39.63243489 -086.08876144
111  39.63239699 -086.08875451
111  39.63223691 -086.08876325
112  39.63223691 -086.08876325  39.63219818 -086.08877471
111  39.63218790 -086.08883693
111  39.63218897 -086.08894542
111  39.63240269 -086.08894583
114  39.63246940 -086.08891517  39.63247010 -086.08888018
111  39.63209452 -086.08893886
111  39.63209433 -086.08884926
112  39.63207306 -086.08879986  39.63205486 -086.08877598
111  39.63202689 -086.08876923
112  39.63191681 -086.08877637  39.63187693 -086.08879887
111  39.63187061 -086.08884276
113  39.63187040 -086.08894486
111  39.63174920 -086.08894494
111  39.63174811 -086.08883416
112  39.63174811 -086.08883416  39.63174752 -086.08878441
111  39.63171216 -086.08877315
111  39.63152213 -086.08877534
112  39.63144897 -086.08884461  39.63144479 -086.08891288
111  39.63144897 -086.08884461
113  39.63145030 -086.08894484
111  39.63170724 -086.08987081
111  39.63170717 -086.08976874
111  39.63144763 -086.08976761
113  39.63144780 -086.08987336
111  39.63190679 -086.08986860
111  39.63205478 -086.08987113
111  39.63205490 -086.08976831
113  39.63190654 -086.08976920
111  39.63225549 -086.08989033
111  39.63239504 -086.08988894
112  39.63245332 -086.08983851  39.63245229 -086.08978278
111  39.63240156 -086.08978684
113  39.63225604 -086.08978828
111  39.63390999 -086.08949017
112  39.63395494 -086.08944462  39.63395602 -086.08939761
112  39.63395637 -086.08938649  39.63395689 -086.08934521
113  39.63391110 -086.08934161
111  39.63406060 -086.08887079
111  39.63406095 -086.08872546
112  39.63401690 -086.08876205  39.63401454 -086.08879370
114  39.63401554 -086.08883506  39.63401492 -086.08886615
111  39.63414438 -086.08878191
112  39.63419558 -086.08874301  39.63419658 -086.08869759
112  39.63419678 -086.08865633  39.63419657 -086.08861690
113  39.63414256 -086.08862091
111  39.63437499 -086.08898010
112  39.63440934 -086.08891789  39.63441060 -086.08886053
111  39.63436398 -086.08885871
111  39.63426947 -086.08885925
112  39.63423583 -086.08892240  39.63423753 -086.08897439
113  39.63427613 -086.08898220
111  39.63437834 -086.08880912
112  39.63440845 -086.08874101  39.63440897 -086.08868785
111  39.63437612 -086.08867965
111  39.63427072 -086.08868032
112  39.63424009 -086.08874250  39.63423887 -086.08879818
113  39.63426851 -086.08881024
111  39.63436559 -086.08862847
112  39.63440254 -086.08859008  39.63441575 -086.08854668
111  39.63440254 -086.08859008
112  39.63440254 -086.08859008  39.63440820 -086.08857281
112  39.63439575 -086.08849747  39.63438147 -086.08846427
111  39.63439575 -086.08849747
112  39.63439575 -086.08849747  39.63438037 -086.08846775
112  39.63433408 -086.08844020  39.63428784 -086.08843213
111  39.63433408 -086.08844020
111  39.63429569 -086.08844100
112  39.63429569 -086.08844100  39.63426278 -086.08845360
112  39.63423898 -086.08855184  39.63423983 -086.08861753
111  39.63423898 -086.08855184
112  39.63423898 -086.08855184  39.63423921 -086.08862756
113  39.63427209 -086.08862859
111  39.63419625 -086.08855487
111  39.63419241 -086.08849998
112  39.63419241 -086.08849998  39.63418441 -086.08845263
111  39.63413401 -086.08843912
111  39.63406907 -086.08843962
112  39.63406907 -086.08843962  39.63401463 -086.08849824
111  39.63401567 -086.08853640
111  39.63401567 -086.08862571
112  39.63401567 -086.08862571  39.63402098 -086.08868089
111  39.63406177 -086.08867510
111  39.63406177 -086.08851645
111  39.63414554 -086.08851795
111  39.63414515 -086.08858317
111  39.63417923 -086.08858222
114  39.63417923 -086.08858222  39.63419657 -086.08858078
111  39.63392873 -086.08867745
112  39.63392873 -086.08867745  39.63395008 -086.08867601
111  39.63395927 -086.08863923
111  39.63395972 -086.08852083
112  39.63395972 -086.08852083  39.63395794 -086.08850408
111  39.63394478 -086.08848634
112  39.63394478 -086.08848634  39.63390120 -086.08844736
111  39.63388112 -086.08844365
112  39.63388112 -086.08844365  39.63381130 -086.08844625
111  39.63381033 -086.08845257
112  39.63381033 -086.08845257  39.63375654 -086.08849706
112  39.63374892 -086.08854525  39.63374796 -086.08857228
111  39.63376496 -086.08857040
111  39.63382693 -086.08857255
111  39.63382748 -086.08852083
111  39.63391380 -086.08852154
113  39.63391325 -086.08867816
110 1 0.00 0.0 Old FBO Ramp
111  39.63452034 -086.08817673
111  39.63452006 -086.08829083
112  39.63452006 -086.08829083  39.63452230 -086.08832492
111  39.63455815 -086.08833778
111  39.63458304 -086.08833598
112  39.63458304 -086.08833598  39.63461090 -086.08833348
111  39.63461809 -086.08829407
111  39.63461901 -086.08817912
111  39.63465774 -086.08817732
111  39.63465728 -086.08830126
112  39.63465728 -086.08830126  39.63465783 -086.08833646
111  39.63468540 -086.08834376
111  39.63489058 -086.08834316
111  39.63489205 -086.08853943
111  39.63489217 -086.08855587
111  39.63477411 -086.08855620
111  39.63474630 -086.08855628
111  39.63456352 -086.08855680
111  39.63448116 -086.08855703
111  39.63448035 -086.08833060
113  39.63448144 -086.08817689
110 1 0.25 7.6 Taxiway Alpha (North)
111  39.63090947 -086.08825893 102
111  39.63110096 -086.08822767 102
112  39.63124189 -086.08815397  39.63126583 -086.08812462
111  39.63124189 -086.08815397
112  39.63124189 -086.08815397  39.63128667 -086.08809908 102
112  39.63130263 -086.08800143  39.63130648 -086.08793474
111  39.63130263 -086.08800143 102
111  39.63127203 -086.08773581
112  39.63127203 -086.08773581  39.63123441 -086.08764688 102
112  39.63115492 -086.08758235  39.63111959 -086.08756122
111  39.63115492 -086.08758235
112  39.63115492 -086.08758235  39.63111791 -086.08756022
111  39.63109057 -086.08756252
111  39.63152780 -086.08748422
112  39.63152780 -086.08748422  39.63149480 -086.08750225
112  39.63144991 -086.08755131  39.63143041 -086.08757672
111  39.63144991 -086.08755131
112  39.63144991 -086.08755131  39.63139028 -086.08762898 102
111  39.63138551 -086.08772307 102
111  39.63141539 -086.08799379
112  39.63141539 -086.08799379  39.63145678 -086.08811693 102
111  39.63154822 -086.08811619 102
111  39.63191254 -086.08808068 102
111  39.63359247 -086.08779623 102
111  39.63413106 -086.08767242
112  39.63413106 -086.08767242  39.63425300 -086.08762294 102
111  39.63424811 -086.08748084
112  39.63424811 -086.08748084  39.63423598 -086.08730875 102
111  39.63422468 -086.08727037 102
112  39.63416846 -086.08713892  39.63412052 -086.08707379
111  39.63416846 -086.08713892
112  39.63416846 -086.08713892  39.63414795 -086.08711106 102
112  39.63409715 -086.08707778  39.63407317 -086.08706427
111  39.63409715 -086.08707778
112  39.63409715 -086.08707778  39.63406506 -086.08705970
111  39.63403806 -086.08705284
111  39.63429870 -086.08700688
111  39.63431574 -086.08716057
112  39.63431574 -086.08716057  39.63434209 -086.08739875 102
112  39.63438991 -086.08784497  39.63439005 -086.08785865
111  39.63438991 -086.08784497
112  39.63438991 -086.08784497  39.63439010 -086.08786388 102
112  39.63434486 -086.08806638  39.63429286 -086.08816395 102
111  39.63420724 -086.08819006
112  39.63420724 -086.08819006  39.63417619 -086.08820655 102
111  39.63396194 -086.08823071 102
112  39.63381021 -086.08830312  39.63381131 -086.08836548
111  39.63388929 -086.08837701
111  39.63353333 -086.08839110 102
112  39.63364578 -086.08832255  39.63368419 -086.08826696 102
111  39.63367556 -086.08813766
112  39.63367556 -086.08813766  39.63367429 -086.08804090 102
111  39.63365307 -086.08800604
112  39.63365307 -086.08800604  39.63360482 -086.08792500 102
111  39.63354777 -086.08792159 102
111  39.63153629 -086.08827152
112  39.63153629 -086.08827152  39.63153049 -086.08827258 102
111  39.63152568 -086.08827589
112  39.63152568 -086.08827589  39.63144597 -086.08834415 102
111  39.63144804 -086.08839573 102
111  39.63144823 -086.08849827
111  39.63135250 -086.08850041
112  39.63135250 -086.08850041  39.63135067 -086.08840620 102
112  39.63122941 -086.08832867  39.63116486 -086.08831844
111  39.63122941 -086.08832867
112  39.63122941 -086.08832867  39.63112277 -086.08834242 102
111  39.63103110 -086.08836039
112  39.63103110 -086.08836039  39.63099328 -086.08837695
111  39.63096435 -086.08842888
112  39.63096435 -086.08842888  39.63093497 -086.08849281
113  39.63094040 -086.08855783
110 1 0.25 7.6 Taxiway Alpha (South)
111  39.62967740 -086.08882599 102
112  39.62964522 -086.08872634  39.62961992 -086.08867837
111  39.62964522 -086.08872634
112  39.62964522 -086.08872634  39.62963259 -086.08870240 102
112  39.62959213 -086.08866417  39.62956888 -086.08864895
111  39.62959213 -086.08866417
112  39.62959213 -086.08866417  39.62957466 -086.08865273 102
112  39.62952888 -086.08864600  39.62950399 -086.08864630
111  39.62952888 -086.08864600 102
111  39.62854119 -086.08881874
112  39.62854119 -086.08881874  39.62853289 -086.08882051 102
112  39.62851587 -086.08882891  39.62850739 -086.08883386
111  39.62851587 -086.08882891
112  39.62851587 -086.08882891  39.62847086 -086.08885518 102
112  39.62843605 -086.08903818  39.62845649 -086.08914119
111  39.62843605 -086.08903818
111  39.62834515 -086.08905116 102
112  39.62829568 -086.08892134  39.62825154 -086.08886964
111  39.62829568 -086.08892134
112  39.62829568 -086.08892134  39.62827137 -086.08889287 102
112  39.62818185 -086.08887743  39.62812841 -086.08888245
111  39.62818185 -086.08887743 102
111  39.62192771 -086.08996527
112  39.62192771 -086.08996527  39.62190694 -086.08998079 102
112  39.62185360 -086.09002559  39.62183163 -086.09005070
111  39.62185360 -086.09002559
112  39.62185360 -086.09002559  39.62179619 -086.09010988 102
112  39.62169760 -086.09027896  39.62164952 -086.09032597
111  39.62169760 -086.09027896
112  39.62169760 -086.09027896  39.62163354 -086.09034160 102
111  39.62158756 -086.09034676
112  39.62158756 -086.09034676  39.62137441 -086.09038796 102
111  39.62128748 -086.09039318 102
112  39.62112814 -086.09030925  39.62105981 -086.09023352 102
111  39.62105556 -086.09014357 102
111  39.62098324 -086.08947210
111  39.62096600 -086.08931145
111  39.62125307 -086.08926371
112  39.62117640 -086.08932112  39.62113841 -086.08935870
111  39.62117640 -086.08932112
112  39.62117640 -086.08932112  39.62116074 -086.08933661 102
112  39.62113252 -086.08937649  39.62111985 -086.08939786
111  39.62113252 -086.08937649
112  39.62113252 -086.08937649  39.62108910 -086.08944970 102
111  39.62110251 -086.08957920 102
112  39.62112485 -086.08976414  39.62113152 -086.08980783
111  39.62112485 -086.08976414
112  39.62112485 -086.08976414  39.62113038 -086.08980301 102
112  39.62129200 -086.08989700  39.62140611 -086.08988847
111  39.62129200 -086.08989700
112  39.62129200 -086.08989700  39.62131169 -086.08989553 102
112  39.62160210 -086.08984180  39.62180953 -086.08980669
111  39.62160210 -086.08984180
112  39.62160210 -086.08984180  39.62259648 -086.08967348 102
111  39.62534039 -086.08919663 102
112  39.62541054 -086.08913377  39.62544559 -086.08908722 102
111  39.62544453 -086.08900663
112  39.62544453 -086.08900663  39.62543754 -086.08886283 102
111  39.62542442 -086.08878205 102
112  39.62537583 -086.08865467  39.62533948 -086.08860389
111  39.62537583 -086.08865467
112  39.62537583 -086.08865467  39.62535051 -086.08863150 102
112  39.62528580 -086.08860665  39.62525373 -086.08859686
111  39.62528580 -086.08860665
112  39.62528580 -086.08860665  39.62522361 -086.08858766
111  39.62516364 -086.08858851
111  39.62568226 -086.08849643
112  39.62568226 -086.08849643  39.62565216 -086.08850784
112  39.62560244 -086.08855977  39.62558055 -086.08858565
111  39.62560244 -086.08855977
112  39.62560244 -086.08855977  39.62557374 -086.08859371 102
111  39.62555524 -086.08862737
112  39.62555524 -086.08862737  39.62553738 -086.08866066 102
111  39.62553558 -086.08876578
112  39.62553558 -086.08876578  39.62554597 -086.08893312 102
111  39.62556075 -086.08900622
112  39.62556075 -086.08900622  39.62557870 -086.08906211 102
112  39.62564081 -086.08911056  39.62568763 -086.08914742
111  39.62564081 -086.08911056
112  39.62564081 -086.08911056  39.62567914 -086.08913871 102
111  39.62580021 -086.08911695 102
112  39.62821385 -086.08869774  39.62847099 -086.08864050
111  39.62821385 -086.08869774
112  39.62821385 -086.08869774  39.62827434 -086.08866332 102
112  39.62828082 -086.08853049  39.62828023 -086.08850795 102
111  39.62825354 -086.08828551
112  39.62825354 -086.08828551  39.62822676 -086.08818335 102
112  39.62812915 -086.08811179  39.62808245 -086.08808891
111  39.62812915 -086.08811179
112  39.62812915 -086.08811179  39.62807574 -086.08808562
111  39.62802783 -086.08809323
111  39.62852777 -086.08800686
112  39.62852777 -086.08800686  39.62849656 -086.08801845
112  39.62845111 -086.08805392  39.62843082 -086.08807286
111  39.62845111 -086.08805392
112  39.62845111 -086.08805392  39.62837276 -086.08812708 102
111  39.62836715 -086.08823629
112  39.62836715 -086.08823629  39.62836750 -086.08831829 102
111  39.62838986 -086.08851161
112  39.62838986 -086.08851161  39.62841207 -086.08860354 102
112  39.62847876 -086.08864598  39.62850748 -086.08865643
111  39.62847876 -086.08864598
112  39.62847876 -086.08864598  39.62850070 -086.08865396 102
111  39.62851786 -086.08864890 102
111  39.62903371 -086.08855700
112  39.62903371 -086.08855700  39.62941234 -086.08850662 102
113  39.62964232 -086.08847777
110 1 0.25 7.6 Main Ramp
111  39.62977200 -086.08972786
111  39.62967740 -086.08882599
111  39.62964216 -086.08847777 102
111  39.63090931 -086.08825893
111  39.63094040 -086.08855783
111  39.63100626 -086.08919429
111  39.63101543 -086.08928291
111  39.63102391 -086.08936487
111  39.63104177 -086.08951645
111  39.63096737 -086.08953176
111  39.63092544 -086.08958722
111  39.63093180 -086.08971341
111  39.63107523 -086.08969087
111  39.63114034 -086.09037661
111  39.63090899 -086.09041181
111  39.63054841 -086.09045219
111  39.63052049 -086.09023068
111  39.63075898 -086.09020073
111  39.63078056 -086.09027523
111  39.63082000 -086.09029748
111  39.63088102 -086.09024290
111  39.63090272 -086.09015792
111  39.63084919 -086.08962690
111  39.63078674 -086.08955121
111  39.63073006 -086.08957235
111  39.63068592 -086.08962111
111  39.63069628 -086.08979154
111  39.63046531 -086.08981912
111  39.63043590 -086.08971132
111  39.63042076 -086.08965404
111  39.63037427 -086.08962301
111  39.63034333 -086.08962840
111  39.63032122 -086.08963225
111  39.63023142 -086.08964788
111  39.63021798 -086.08964993
111  39.63002726 -086.08968342
113  39.62984259 -086.08971557
110 1 0.25 7.0 Private Hangar Taxiway
111  39.62843605 -086.08903818
111  39.62846788 -086.08934196
111  39.62849924 -086.08940169
111  39.62872943 -086.08937762
111  39.62877205 -086.08983889
111  39.62856291 -086.08988581
111  39.62853142 -086.08995344
111  39.62855928 -086.09023209
111  39.62858944 -086.09026740
111  39.62869852 -086.09025198
111  39.62872940 -086.09029743
111  39.62876608 -086.09066441
111  39.62863086 -086.09069184
111  39.62861099 -086.09072099
112  39.62862899 -086.09077811  39.62864795 -086.09080744
111  39.62867793 -086.09081151
111  39.62981827 -086.09080946
111  39.62981875 -086.09089241
111  39.62838100 -086.09088959
111  39.62835514 -086.09068054
111  39.62842842 -086.09066638
111  39.62844493 -086.09080873
112  39.62849748 -086.09078255  39.62851903 -086.09075560
111  39.62851483 -086.09070973
111  39.62850513 -086.09061546
111  39.62837359 -086.09064025
111  39.62832996 -086.09021293
111  39.62846182 -086.09019413
113  39.62834515 -086.08905116
110 15 0.25 50.0 Parking Lot No Park Poly
111  39.63025657 -086.08996490 24
111  39.63020251 -086.08997172 24
111  39.63019952 -086.08992988 24
113  39.63025355 -086.08992640 24
110 15 0.25 50.0 Parking Lot No Park Poly
111  39.63026524 -086.09006946 24
111  39.63021072 -086.09007641 24
111  39.63020773 -086.09003687 24
113  39.63026226 -086.09002993 24
110 5 0.00 0.0 ASOS Gravel
112  39.62551582 -086.09016402  39.62551682 -086.09018243
112  39.62548703 -086.09021035  39.62546931 -086.09021585
112  39.62545078 -086.09017239  39.62544926 -086.09015718
114  39.62547957 -086.09012606  39.62549550 -086.09012386
130 Airport Boundary
111  39.63625053 -086.08534938
111  39.63616146 -086.08874792
111  39.63484594 -086.08877461
111  39.63469178 -086.08908599
111  39.63468493 -086.09000678
111  39.63297544 -086.09006016
111  39.63294803 -086.09106100
111  39.62984080 -086.09104764
111  39.62924754 -086.09104160
111  39.61767822 -086.09091491
111  39.61770700 -086.08740518
111  39.62452413 -086.08745636
111  39.62456695 -086.08687075
111  39.62605719 -086.08729699
111  39.62607717 -086.08714502
111  39.62629414 -086.08710795
111  39.62630270 -086.08699676
111  39.63007683 -086.08634437
111  39.63348980 -086.08575090
113  39.63582341 -086.08533409
120 Runway Hold - Mid North
111  39.63139277 -086.08781916 62
115  39.63128807 -086.08784073
120 Runway Hold - 19
111  39.63432840 -086.08730997 62
115  39.63423555 -086.08732704
120 Linear Feature 4
112  39.62566006 -086.08849963  39.62564984 -086.08851022 53
112  39.62556724 -086.08860316  39.62553724 -086.08865049
111  39.62556724 -086.08860316
112  39.62556724 -086.08860316  39.62553996 -086.08864618 53
112  39.62553836 -086.08873926  39.62554234 -086.08878953
111  39.62553836 -086.08873926
112  39.62553836 -086.08873926  39.62554285 -086.08879588 53
112  39.62556836 -086.08902169  39.62559563 -086.08911738
111  39.62556836 -086.08902169
112  39.62556836 -086.08902169  39.62559194 -086.08910443 53
112  39.62567087 -086.08915755  39.62572168 -086.08917746 53
112  39.62819146 -086.08872098  39.62826571 -086.08868696
111  39.62819146 -086.08872098
112  39.62819146 -086.08872098  39.62822144 -086.08870724 53
112  39.62827974 -086.08848293  39.62826493 -086.08833021
111  39.62827974 -086.08848293
112  39.62827974 -086.08848293  39.62827261 -086.08840941 53
112  39.62821286 -086.08818376  39.62816003 -086.08810530
111  39.62821286 -086.08818376
112  39.62821286 -086.08818376  39.62818953 -086.08814911 53
112  39.62812997 -086.08810958  39.62810145 -086.08809490
111  39.62812997 -086.08810958
112  39.62812997 -086.08810958  39.62808892 -086.08808845 53
115  39.62805311 -086.08808604
120 Linear Feature 52
111  39.63141067 -086.08855449 51
111  39.63140072 -086.08839110 51
111  39.63138467 -086.08823693 51
111  39.63135440 -086.08796687 51
115  39.63134042 -086.08784260
120 Linear Feature 1
111  39.63372316 -086.08838359 51
115  39.63372465 -086.08803323
120 Linear Feature 29
111  39.62744505 -086.08807415 51
112  39.62799317 -086.08798070  39.62813771 -086.08795735 51
112  39.62828260 -086.08817903  39.62831206 -086.08825601 51
115  39.62831960 -086.08834207
120 Linear Feature 28
111  39.62909259 -086.08778881 51
111  39.62857338 -086.08787976 51
116  39.62835774 -086.08806103  39.62827800 -086.08822907
120 Linear Feature 27
111  39.63122821 -086.08753234 51
112  39.63106024 -086.08744920  39.63096612 -086.08745437
111  39.63106024 -086.08744920 51
115  39.63048634 -086.08754572
120 Linear Feature 51
112  39.63135837 -086.08754092  39.63138594 -086.08747590 51
112  39.63152099 -086.08736691  39.63158149 -086.08735622
111  39.63152099 -086.08736691 51
115  39.63211640 -086.08726558
120 Linear Feature 9
111  39.62836485 -086.08834735 62
115  39.62826613 -086.08836390
120 Linear Feature 8
111  39.62838908 -086.08904426 51
111  39.62836481 -086.08876254 51
111  39.62833647 -086.08849880 51
115  39.62832232 -086.08836715
120 Linear Feature 60
111  39.63119053 -086.08827306 51
112  39.63127983 -086.08819937  39.63130225 -086.08817290 51
112  39.63132438 -086.08812105  39.63134237 -086.08808149 51
116  39.63135440 -086.08796687  39.63135335 -086.08793354
120 Linear Feature 59
111  39.63140072 -086.08839110 51
112  39.63134756 -086.08830121  39.63130221 -086.08825260 51
115  39.63124290 -086.08826435
120 Linear Feature 58
111  39.63156504 -086.08820898 51
112  39.63145196 -086.08816413  39.63142031 -086.08813596 51
112  39.63138747 -086.08807498  39.63137401 -086.08804195 51
116  39.63135440 -086.08796687  39.63135211 -086.08793515
120 Linear Feature 57
111  39.63140072 -086.08839110 51
112  39.63144446 -086.08828158  39.63148101 -086.08822414 51
115  39.63151662 -086.08821687
120 Linear Feature 55
111  39.63133787 -086.08781738 51
112  39.63129269 -086.08765076  39.63127628 -086.08760728 51
116  39.63122821 -086.08753234  39.63121728 -086.08751712
120 Linear Feature 54
111  39.63133775 -086.08781743 51
112  39.63133331 -086.08764450  39.63133817 -086.08760247 51
115  39.63135837 -086.08754092
120 Linear Feature 11
111  39.62548095 -086.08880804 51
115  39.62548355 -086.08883008
120 Linear Feature 11
111  39.62548676 -086.08885729 51
115  39.62550131 -086.08898052
120 Linear Feature 10
111  39.62554177 -086.08883252 62
115  39.62543947 -086.08885287
120 Linear Feature 45
111  39.62110030 -086.08961254 62
115  39.62100567 -086.08962723
120 Linear Feature 44
111  39.62104369 -086.08957164 51
112  39.62105737 -086.08942312  39.62108128 -086.08934379 51
115  39.62112233 -086.08929136
120 Linear Feature 43
111  39.62200927 -086.08986210 51
112  39.62188236 -086.08992091  39.62184628 -086.08995662 51
112  39.62175675 -086.09008782  39.62168505 -086.09020160 51
112  39.62162050 -086.09027071  39.62158320 -086.09029181 51
111  39.62143721 -086.09030759 51
111  39.62129045 -086.09033233
112  39.62129045 -086.09033233  39.62124670 -086.09033347 51
112  39.62117426 -086.09027935  39.62114344 -086.09024546
111  39.62117426 -086.09027935
112  39.62117426 -086.09027935  39.62113289 -086.09023386 51
112  39.62110125 -086.09013697  39.62109477 -086.09010311
111  39.62110125 -086.09013697 51
115  39.62106871 -086.08980582
120 Linear Feature 42
111  39.63419023 -086.08703811 51
112  39.63427229 -086.08721038  39.63428191 -086.08728952
111  39.63427229 -086.08721038
112  39.63427229 -086.08721038  39.63427559 -086.08723754 51
116  39.63428274 -086.08730553  39.63428634 -086.08734050
120 Linear Feature 42
112  39.63428531 -086.08733079  39.63429135 -086.08739059 51
112  39.63430236 -086.08750041  39.63430735 -086.08754756
111  39.63430236 -086.08750041
112  39.63430236 -086.08750041  39.63431104 -086.08758239 51
112  39.63420006 -086.08773507  39.63415302 -086.08776665 51
111  39.63405975 -086.08777688 51
111  39.62132657 -086.08998016
112  39.62132657 -086.08998016  39.62128109 -086.08998492 51
112  39.62115607 -086.08993481  39.62110384 -086.08988550 51
111  39.62106892 -086.08980742 51
115  39.62105038 -086.08963375
120 Linear Feature 42
111  39.62104761 -086.08960781 51
115  39.62104369 -086.08957109
120 Linear Feature 39
111  39.62129447 -086.09038773 52
115  39.62128815 -086.09028178
120 Linear Feature 39
111  39.62157700 -086.09033874 52
115  39.62156940 -086.09023936
120 Linear Feature 38
111  39.62533500 -086.08928536 51
112  39.62544302 -086.08919718  39.62547025 -086.08915048 51
116  39.62550131 -086.08898052  39.62549691 -086.08886857
120 Linear Feature 37
111  39.62570770 -086.08922107 51
112  39.62558029 -086.08916775  39.62555308 -086.08912604 51
116  39.62550131 -086.08898052  39.62549180 -086.08892225
120 Linear Feature 35
111  39.62857264 -086.08872654 51
112  39.62840792 -086.08866426  39.62835152 -086.08858882 51
116  39.62833647 -086.08849880  39.62833165 -086.08844489
120 Linear Feature 34
111  39.62818491 -086.08879368 51
112  39.62829209 -086.08869649  39.62831672 -086.08864794 51
116  39.62833647 -086.08849880  39.62834315 -086.08842210
120 Linear Feature 33
111  39.62838908 -086.08904426 51
112  39.62832222 -086.08885385  39.62827372 -086.08880307 51
116  39.62818491 -086.08879368  39.62813253 -086.08880250
120 Linear Feature 32
111  39.62857264 -086.08872654 51
112  39.62843832 -086.08881950  39.62839324 -086.08890564 51
116  39.62838908 -086.08904426  39.62839236 -086.08909710
120 Linear Feature 30
111  39.62831960 -086.08834207 51
112  39.62831552 -086.08821196  39.62832051 -086.08815366 51
116  39.62835774 -086.08806103  39.62838097 -086.08801648
120 Linear Feature 25
111  39.63411173 -086.08820296 52
115  39.63410214 -086.08809930
120 Linear Feature 24
111  39.63430228 -086.08750432 51
111  39.63434393 -086.08785731 51
112  39.63428462 -086.08806581  39.63421916 -086.08816284
111  39.63428462 -086.08806581
112  39.63428462 -086.08806581  39.63426554 -086.08809409 51
112  39.63417223 -086.08813915  39.63412500 -086.08815513
111  39.63417223 -086.08813915 51
111  39.63390638 -086.08817768
112  39.63390638 -086.08817768  39.63386079 -086.08818094 51
111  39.63383297 -086.08818355
112  39.63383297 -086.08818355  39.63373368 -086.08818290 51
111  39.63372465 -086.08803323 51
116  39.63385757 -086.08781235  39.63395076 -086.08779402
120 Linear Feature 26
111  39.63372465 -086.08803323 51
112  39.63367594 -086.08790225  39.63363288 -086.08784888 51
115  39.63355286 -086.08786472
120 Linear Feature 49
111  39.62627503 -086.08827591 51
111  39.62569340 -086.08837692
112  39.62569340 -086.08837692  39.62560876 -086.08838994 51
112  39.62552515 -086.08853413  39.62548262 -086.08860396 51
116  39.62548095 -086.08880977  39.62548964 -086.08888091
120 Linear Feature 48
111  39.62537451 -086.08854089 51
112  39.62517762 -086.08846905  39.62506382 -086.08848932
111  39.62517762 -086.08846905 51
115  39.62464153 -086.08856026
120 Linear Feature 46
111  39.62548095 -086.08880919 51
116  39.62537451 -086.08854089  39.62528792 -086.08845304
120 TWY A E S Border DL
111  39.62124217 -086.08926784 53
112  39.62119288 -086.08930419  39.62116708 -086.08932697
111  39.62119288 -086.08930419
112  39.62119288 -086.08930419  39.62116855 -086.08932567 53
112  39.62112452 -086.08939811  39.62110700 -086.08943557
111  39.62112452 -086.08939811
112  39.62112452 -086.08939811  39.62108934 -086.08947333 53
112  39.62110037 -086.08958786  39.62110283 -086.08961799
111  39.62110037 -086.08958786
112  39.62110037 -086.08958786  39.62110087 -086.08959406 53
112  39.62112994 -086.08978216  39.62115126 -086.08984853
111  39.62112994 -086.08978216
112  39.62112994 -086.08978216  39.62114997 -086.08984452 53
112  39.62120543 -086.08989181  39.62124416 -086.08991504 53
112  39.62132267 -086.08990292  39.62138492 -086.08989910
111  39.62132267 -086.08990292
112  39.62132267 -086.08990292  39.62152529 -086.08987293 53
111  39.62193166 -086.08981872 53
111  39.62516292 -086.08926122 53
112  39.62541684 -086.08916642  39.62545400 -086.08910027 53
112  39.62545072 -086.08900673  39.62545014 -086.08893740
111  39.62545072 -086.08900673
112  39.62545072 -086.08900673  39.62545008 -086.08893011 53
112  39.62541273 -086.08871361  39.62539428 -086.08863038
111  39.62541273 -086.08871361
112  39.62541273 -086.08871361  39.62540410 -086.08867467 53
112  39.62532988 -086.08862673  39.62527766 -086.08860536
111  39.62532988 -086.08862673
112  39.62532988 -086.08862673  39.62527050 -086.08860243 53
115  39.62518064 -086.08858596
120 TWY A W S Border DL
112  39.62834700 -086.08903837  39.62833720 -086.08889636 53
112  39.62819037 -086.08886558  39.62816151 -086.08886908 53
111  39.62755727 -086.08896481 53
111  39.62738400 -086.08902316 53
115  39.62737747 -086.08919820
120 TWY A W S Border DL
111  39.62731492 -086.08920653 53
111  39.62727384 -086.08904097 53
111  39.62709027 -086.08904428 53
111  39.62199365 -086.08992658 53
112  39.62186225 -086.09001325  39.62181698 -086.09008221 53
112  39.62164630 -086.09032207  39.62158153 -086.09035452 53
112  39.62127903 -086.09039269  39.62125408 -086.09039155
111  39.62127903 -086.09039269
112  39.62127903 -086.09039269  39.62121836 -086.09038992 53
112  39.62111728 -086.09029975  39.62106864 -086.09024453 53
111  39.62105208 -086.09010995 53
115  39.62097209 -086.08931752
120 TWY Border
112  39.62968125 -086.08881558  39.62964760 -086.08865784 53
111  39.62952597 -086.08863364 53
112  39.62870865 -086.08876554  39.62866483 -086.08877421
111  39.62870865 -086.08876554
112  39.62870865 -086.08876554  39.62868600 -086.08877002 53
112  39.62849847 -086.08884144  39.62843210 -086.08889616
111  39.62849847 -086.08884144
112  39.62849847 -086.08884144  39.62843642 -086.08889260 53
116  39.62843087 -086.08902340  39.62843366 -086.08906626
120 TWY Border
111  39.63110294 -086.08755954 53
112  39.63125520 -086.08769121  39.63130423 -086.08779136
111  39.63125520 -086.08769121
112  39.63125520 -086.08769121  39.63127016 -086.08772176 53
112  39.63128414 -086.08780130  39.63129076 -086.08784654
111  39.63128414 -086.08780130
112  39.63128414 -086.08780130  39.63129426 -086.08785694 53
112  39.63130749 -086.08799420  39.63130868 -086.08805044
111  39.63130749 -086.08799420
112  39.63130749 -086.08799420  39.63130849 -086.08804144 53
112  39.63129259 -086.08809004  39.63128497 -086.08811353
111  39.63129259 -086.08809004
112  39.63129259 -086.08809004  39.63124561 -086.08821331 53
112  39.63099018 -086.08825820  39.63091509 -086.08826971
111  39.63099018 -086.08825820
112  39.63099018 -086.08825820  39.63094784 -086.08826469 53
112  39.62965154 -086.08849644  39.62903976 -086.08860117
111  39.62965154 -086.08849644
112  39.62965154 -086.08849644  39.62917816 -086.08857747 53
112  39.62869521 -086.08864763  39.62864254 -086.08865344
111  39.62869521 -086.08864763
112  39.62869521 -086.08864763  39.62864789 -086.08865285 53
112  39.62842281 -086.08861005  39.62836095 -086.08851777 53
112  39.62836704 -086.08819553  39.62838018 -086.08808826
111  39.62836704 -086.08819553
112  39.62836704 -086.08819553  39.62837358 -086.08814216 53
112  39.62844785 -086.08804831  39.62848453 -086.08801509
111  39.62844785 -086.08804831
112  39.62844785 -086.08804831  39.62848489 -086.08801476 53
115  39.62852598 -086.08800348
120 Ramp Lines
111  39.63055505 -086.08952517 1
115  39.63043794 -086.08840245
120 Ramp Lines
111  39.63023783 -086.08958143 1
115  39.63012150 -086.08845760
120 Ramp Lines
111  39.62980864 -086.08851203 1
111  39.62992815 -086.08963636 1
111  39.63023783 -086.08958143 1
111  39.63055505 -086.08952517 1
111  39.63086957 -086.08946937 1
115  39.63075482 -086.08834713
120 Linear Feature 10
112  39.63403738 -086.08705213  39.63405275 -086.08705531 53
112  39.63411605 -086.08708790  39.63413454 -086.08710236
111  39.63411605 -086.08708790
112  39.63411605 -086.08708790  39.63412350 -086.08709373 53
112  39.63415259 -086.08712065  39.63416682 -086.08713612
111  39.63415259 -086.08712065
112  39.63415259 -086.08712065  39.63417365 -086.08714354 53
112  39.63420531 -086.08720118  39.63421518 -086.08722614
111  39.63420531 -086.08720118
112  39.63420531 -086.08720118  39.63422185 -086.08724301 53
112  39.63423734 -086.08732737  39.63424224 -086.08737394 53
112  39.63425382 -086.08749252  39.63425560 -086.08751769 53
112  39.63421536 -086.08762366  39.63419152 -086.08765345 53
112  39.63410710 -086.08769279  39.63406901 -086.08770204 53
112  39.63371663 -086.08778355  39.63369199 -086.08778855 53
112  39.63207658 -086.08807125  39.63204720 -086.08807772 53
112  39.63186485 -086.08810651  39.63182937 -086.08811011 53
112  39.63156096 -086.08812958  39.63153156 -086.08812403 53
112  39.63146019 -086.08807648  39.63143212 -086.08803761 53
112  39.63140706 -086.08794061  39.63139664 -086.08784274 53
112  39.63138768 -086.08772534  39.63138849 -086.08768473 53
112  39.63142876 -086.08758340  39.63144239 -086.08756605
111  39.63142876 -086.08758340
112  39.63142876 -086.08758340  39.63143449 -086.08757611 53
112  39.63147763 -086.08752862  39.63149548 -086.08751196
111  39.63147763 -086.08752862
112  39.63147763 -086.08752862  39.63150226 -086.08750563 53
115  39.63153263 -086.08748542
120 Linear Feature 9
111  39.63390784 -086.08838589 53
112  39.63382230 -086.08836749  39.63380466 -086.08834146 53
112  39.63381829 -086.08828628  39.63382925 -086.08827170 53
112  39.63390811 -086.08824324  39.63393510 -086.08823977 53
112  39.63413184 -086.08821467  39.63415301 -086.08821217 53
112  39.63424346 -086.08818068  39.63426694 -086.08816269 53
112  39.63434662 -086.08806923  39.63436779 -086.08801775 53
112  39.63438973 -086.08790929  39.63438665 -086.08785831 53
115  39.63429889 -086.08700965
120 Linear Feature 8
112  39.63146268 -086.08855640  39.63145434 -086.08853474 53
112  39.63144921 -086.08840563  39.63145563 -086.08836315 53
112  39.63155923 -086.08827319  39.63162659 -086.08826070 53
112  39.63352324 -086.08793217  39.63356204 -086.08792786 53
112  39.63362776 -086.08797178  39.63365503 -086.08800371 53
112  39.63367775 -086.08807694  39.63368042 -086.08810505 53
112  39.63367849 -086.08825081  39.63367635 -086.08827233 53
112  39.63363841 -086.08834468  39.63361871 -086.08836934 53
115  39.63353848 -086.08840111
120 Linear Feature 7
111  39.63094059 -086.08855905 53
112  39.63097298 -086.08842036  39.63101244 -086.08836497 53
111  39.63104932 -086.08836206 53
111  39.63121452 -086.08833249 53
112  39.63131331 -086.08838496  39.63134891 -086.08843202 53
112  39.63135308 -086.08848950  39.63135420 -086.08850637 53
115  39.63135343 -086.08856716
21  39.62291350 -086.08928097 2 7.6 3.00 PAPI-L 1
21  39.63178283 -086.08687516 3 187.6 3.00 PAIP-L 19
20  39.63021820 -086.08824074 96.5 0 2 {@Y}_1{^r}
20  39.63027749 -086.08822970 96.5 0 2 {@Y,^l}19
20  39.63149715 -086.08780425 97.7 0 2 {@R}19-1{@@,@L}A
20  39.62842279 -086.08833917 91.5 0 2 {@R}19-1{@@,@L}A
20  39.62563658 -086.08882221 94.1 0 2 {@R}19-1{@@,@L}A
20  39.63442347 -086.08729433 90.0 0 2 {@R}19{@@,@L}A{@R}19
20  39.62114996 -086.08959449 88.8 0 2 {@R}1{@@,@L}A{@R}1
1300  39.63248782 -086.08987294 90.3 misc props New Ramp Start 3
1301 A none 
1300  39.62842557 -086.09053649 97.8 gate jets|turboprops|props|helos Corporate Hanger
1301 A none 
1300  39.63065658 -086.08870340 7.6 tie_down jets|turboprops|props|helos|fighters Tie Down 27
1301 A general_aviation 
1300  39.63035799 -086.08874765 7.6 tie_down jets|turboprops|props|helos|fighters Tie Down 19
1301 A general_aviation 
1300  39.63006590 -086.08879822 7.6 tie_down jets|turboprops|props|helos|fighters Tie Down 13
1301 A general_aviation 
1300  39.63067320 -086.08886405 7.6 tie_down jets|turboprops|props|helos|fighters Tie Down 26
1301 A general_aviation 
1300  39.63037462 -086.08890829 7.6 tie_down jets|turboprops|props|helos|fighters Tie Down 19
1301 A general_aviation 
1300  39.63008252 -086.08895590 7.6 tie_down jets|turboprops|props|helos|fighters Tie Down 12
1301 A general_aviation 
1300  39.63068838 -086.08902182 7.6 tie_down jets|turboprops|props|helos|fighters Tie Down 25
1301 A general_aviation 
1300  39.63038980 -086.08906607 7.6 tie_down jets|turboprops|props|helos|fighters Tie Down 18
1301 A general_aviation 
1300  39.63009770 -086.08911076 7.6 tie_down jets|turboprops|props|helos|fighters Tie Down 11
1301 A general_aviation 
1300  39.63070501 -086.08918438 7.6 tie_down jets|turboprops|props|helos|fighters Tie Down 24
1301 A general_aviation 
1300  39.63040642 -086.08922863 7.6 tie_down jets|turboprops|props|helos|fighters Tie Down 17
1301 A general_aviation 
1300  39.63011433 -086.08927032 7.6 tie_down jets|turboprops|props|helos|fighters Tie Down 10
1301 A general_aviation 
1300  39.63057367 -086.08879672 187.6 tie_down jets|turboprops|props|helos|fighters Tie Down 23
1301 A general_aviation 
1300  39.63027508 -086.08884096 187.6 tie_down jets|turboprops|props|helos|fighters Tie Down 17
1301 A general_aviation 
1300  39.62998299 -086.08888981 187.6 tie_down jets|turboprops|props|helos|fighters Tie Down 9
1301 A general_aviation 
1300  39.63058991 -086.08896030 187.6 tie_down jets|turboprops|props|helos|fighters Tie Down 22
1301 A general_aviation 
1300  39.63029132 -086.08900454 187.6 tie_down jets|turboprops|props|helos|fighters Tie Down 16
1301 A general_aviation 
1300  39.62999922 -086.08905037 187.6 tie_down jets|turboprops|props|helos|fighters Tie Down 8
1301 A general_aviation 
1300  39.63060614 -086.08912388 187.6 tie_down jets|turboprops|props|helos|fighters Tie Down 21
1301 A general_aviation 
1300  39.63030756 -086.08916812 187.6 tie_down jets|turboprops|props|helos|fighters Tie Down 15
1301 A general_aviation 
1300  39.63001546 -086.08921093 187.6 tie_down jets|turboprops|props|helos|fighters Tie Down 7
1301 A general_aviation 
1300  39.63062363 -086.08927424 187.6 tie_down jets|turboprops|props|helos|fighters Tie Down 20
1301 A general_aviation 
1300  39.63032505 -086.08931849 187.6 tie_down jets|turboprops|props|helos|fighters Tie Down 14
1301 A general_aviation 
1300  39.63003295 -086.08935852 187.6 tie_down jets|turboprops|props|helos|fighters Tie Down 6
1301 A general_aviation 
1300  39.62974562 -086.08893889 7.6 tie_down jets|turboprops|props|helos|fighters Tie Down 5
1301 A general_aviation 
1300  39.62976123 -086.08909432 7.6 tie_down jets|turboprops|props|helos|fighters Tie Down 4
1301 A general_aviation 
1300  39.62977511 -086.08925312 7.6 tie_down jets|turboprops|props|helos|fighters Tie Down 3
1301 A general_aviation 
1300  39.62979420 -086.08941418 7.6 tie_down jets|turboprops|props|helos|fighters Tie Down 2
1301 A general_aviation 
1300  39.62981805 -086.08961597 7.6 tie_down jets|turboprops|props|helos|fighters Tie Down 1
1301 A general_aviation 
1300  39.63146929 -086.09061236 107.1 hangar jets|turboprops|props Tee Hanger 3
1301 A none 
1300  39.63182294 -086.09006950 90.0 hangar turboprops|props Tee Hanger 68
1301 A none 
18  39.62975927 -086.09064138 1 Indy South Greenwood
19  39.63286683 -086.08621554 1 WS - North
19  39.63205400 -086.08850373 1 WS - Midfield
19  39.62406415 -086.08982766 0 WS - South
1050 118525 AWOS 3
1051 123000 CTAF/UNICOM
1055 124950 INDIANAPOLIS APPROACH
1056 124950 INDIANAPOLIS DEPARTURE
1200 
1201  39.63004042 -086.08963916 both 0 Crew Vehicles_stop
1201  39.62994562 -086.08971380 both 1 Crew Vehicles_stop
1201  39.62996152 -086.08966332 both 2 Crew Vehicles_stop
1201  39.62995027 -086.08983537 both 3 Crew Vehicles_stop
1201  39.62995634 -086.08989394 both 4 Crew Vehicles_stop
1201  39.62997022 -086.08996377 both 5 Crew Vehicles_stop
1201  39.62999017 -086.08999080 both 6 Crew Vehicles_stop
1201  39.63003961 -086.08999868 both 7 Crew Vehicles_stop
1201  39.63013503 -086.09000319 both 8 Crew Vehicles_stop
1201  39.63017493 -086.09003135 both 9 Crew Vehicles_stop
1201  39.63020443 -086.09037486 both 10 Crew Vehicles_start
1201  39.63092054 -086.08997911 both 11 Crew Vehicles_stop
1201  39.63092991 -086.09008047 both 12 Crew Vehicles_stop
1201  39.63093407 -086.09020076 both 13 Crew Vehicles_stop
1201  39.63094473 -086.09029287 both 14 Crew Vehicles_stop
1201  39.63085187 -086.09034001 both 15 Crew Vehicles_stop
1201  39.63077689 -086.09034402 both 16 Crew Vehicles_stop
1201  39.63098891 -086.08943596 both 17 Crew Vehicles_stop
1201  39.63087548 -086.08950508 both 18 Crew Vehicles_stop
1201  39.62977046 -086.08861273 both 19 Crew Vehicles_start
1201  39.62988788 -086.08966339 both 20 Crew Vehicles_start
1201  39.63055167 -086.08955161 both 21 Crew Vehicles_start
1201  39.63417803 -086.08688989 both 22 Crew Vehicles_stop
1201  39.62109778 -086.08915885 both 23 Crew Vehicles_start
1201  39.62543539 -086.08840640 both 24 Crew Vehicles_start
1201  39.62826820 -086.08791912 both 25 Crew Vehicles_start
1201  39.63129066 -086.08739519 both 26 Crew Vehicles_start
1201  39.63094845 -086.09037269 both 27 _stop
1201  39.63095309 -086.09044797 both 28 _stop
1201  39.63095309 -086.09059640 both 29 _stop
1201  39.63094536 -086.09071876 both 30 _stop
1201  39.63089129 -086.09081705 both 31 _stop
1201  39.63082641 -086.09085115 both 32 _stop
1201  39.63020845 -086.09085316 both 33 _stop
1201  39.63010031 -086.09084112 both 34 _stop
1201  39.63001688 -086.09073080 both 35 _start
1201  39.62854717 -086.09060061 both 36 _stop
1201  39.62857652 -086.09076108 both 37 _stop
1201  39.62863832 -086.09084532 both 38 _stop
1201  39.62977845 -086.09086338 both 39 _stop
1201  39.62993448 -086.09084332 both 40 _stop
1201  39.62997774 -086.09081323 both 41 _stop
1201  39.63000091 -086.09070893 both 42 _stop
1201  39.63134600 -086.08787806 both 43 A2_stop
1201  39.63140696 -086.08862603 both 44 A2_start
1201  39.63140033 -086.08845702 both 45 A2_start
1201  39.62105412 -086.08937004 both 46 A5_stop
1201  39.62104778 -086.08947705 both 47 A5_stop
1201  39.62105367 -086.08961815 both 48 A5_stop
1201  39.62107359 -086.08980571 both 49 A5_stop
1201  39.63410192 -086.08776556 both 50 A1_stop
1201  39.63417273 -086.08774435 both 51 A1_stop
1201  39.63423583 -086.08769460 both 52 A1_stop
1201  39.63428429 -086.08760534 both 53 A1_stop
1201  39.63430345 -086.08750291 both 54 A1_stop
1201  39.62114510 -086.08994454 both 55 A_stop
1201  39.62124087 -086.08998586 both 56 A_stop
1201  39.62199972 -086.08986076 both 57 A_stop
1201  39.62530579 -086.08929047 both 58 A_stop
1201  39.62832740 -086.08841014 both 59 A3_stop
1201  39.62853866 -086.09047727 both 60 A3_start
1201  39.62845293 -086.08952147 both 61 A3_start
1201  39.62549352 -086.08889389 both 62 A4_stop
1201  39.62571035 -086.08922591 both 63 A_stop
1201  39.62552604 -086.08925308 both 64 A_stop
1201  39.62818541 -086.08879359 both 65 A_stop
1201  39.62857194 -086.08872743 both 66 A_stop
1201  39.62836422 -086.08876364 both 67 A_stop
1201  39.62980883 -086.08851214 both 68 A_stop
1201  39.63012143 -086.08845794 both 69 A_stop
1201  39.63043818 -086.08840300 both 70 A_stop
1201  39.63075560 -086.08834775 both 71 A_stop
1201  39.63119159 -086.08827100 both 72 A_stop
1201  39.63124963 -086.08826168 both 73 A_stop
1201  39.63150788 -086.08821596 both 74 A_stop
1201  39.63138397 -086.08823623 both 75 A_stop
1201  39.63156201 -086.08820664 both 76 A_stop
1201  39.63360382 -086.08785320 both 77 A_stop
1201  39.63379915 -086.08782028 both 78 A_stop
1201  39.63428868 -086.08737398 both 79 A1_stop
1201  39.63426193 -086.08713147 both 80 A1_stop
1201  39.63250460 -086.08880504 both 81 _stop
1201  39.63250209 -086.08883590 both 82 _stop
1201  39.63247966 -086.08876559 both 83 _stop
1201  39.63230963 -086.08870278 both 84 _stop
1201  39.63243194 -086.08870979 both 85 _stop
1201  39.63151151 -086.08869787 both 86 _stop
1201  39.63153626 -086.08870430 both 87 _stop
1201  39.63145558 -086.08866376 both 88 _stop
1201  39.63143222 -086.08864758 both 89 _stop
1201  39.63133075 -086.08832262 both 90 _stop
1201  39.63125790 -086.08828933 both 91 _stop
1201  39.63103659 -086.08833464 both 92 _stop
1201  39.63094984 -086.08839190 both 93 _stop
1201  39.63089129 -086.08853550 both 94 _stop
1201  39.63087322 -086.08892782 both 95 _stop
1201  39.63141178 -086.09058916 both 96 _start
1201  39.63086955 -086.08946880 both 97 _stop
1201  39.63086165 -086.08922347 both 98 _stop
1201  39.62992804 -086.08963631 both 99 _stop
1201  39.63023834 -086.08958245 both 100 _stop
1201  39.63055428 -086.08951961 both 101 _stop
1202 43 26 twoway taxiway_C A2
1204 departure 01,19
1204 arrival 01,19
1204 ils 01,19
1202 75 43 twoway taxiway_C A2
1202 44 45 twoway taxiway_C A2
1202 45 75 twoway taxiway_C A2
1202 46 23 twoway taxiway_C A5
1204 departure 01,19
1204 arrival 01,19
1204 ils 01,19
1202 47 46 twoway taxiway_C A5
1204 departure 01,19
1204 arrival 01,19
1204 ils 01,19
1202 48 47 twoway taxiway_C A5
1204 departure 01,19
1204 arrival 01,19
1204 ils 01,19
1202 49 48 twoway taxiway_C A5
1204 departure 01,19
1204 arrival 01,19
1204 ils 01,19
1202 55 49 twoway taxiway_C A5
1202 51 50 twoway taxiway_C A1
1202 52 51 twoway taxiway_C A1
1202 53 52 twoway taxiway_C A1
1202 54 53 twoway taxiway_C A1
1202 79 54 twoway taxiway_C A1
1202 80 79 twoway taxiway_C A1
1204 departure 01,19
1204 arrival 01,19
1204 ils 01,19
1202 56 55 twoway taxiway_C A
1202 57 56 twoway taxiway_C A
1202 58 57 twoway taxiway_C A
1202 63 64 twoway taxiway_C A
1202 64 58 twoway taxiway_C A
1202 59 25 twoway taxiway_C A3
1204 departure 01,19
1204 arrival 01,19
1204 ils 01,19
1202 67 59 twoway taxiway_C A3
1202 60 61 twoway taxiway_C A3
1202 61 67 twoway taxiway_C A3
1202 62 24 twoway taxiway_C A4
1204 departure 01,19
1204 arrival 01,19
1204 ils 01,19
1202 64 62 twoway taxiway_C A4
1202 65 63 twoway taxiway_C A
1202 66 67 twoway taxiway_C A
1202 67 65 twoway taxiway_C A
1202 68 66 twoway taxiway_C A
1202 69 68 twoway taxiway_C A
1202 70 69 twoway taxiway_C A
1202 71 70 twoway taxiway_C A
1202 72 71 twoway taxiway_C A
1202 73 72 twoway taxiway_C A
1202 74 75 twoway taxiway_C A
1202 75 73 twoway taxiway_C A
1202 76 74 twoway taxiway_C A
1202 77 76 twoway taxiway_C A
1202 78 77 twoway taxiway_C A
1202 50 78 twoway taxiway_C A
1202 22 80 twoway taxiway_C A1
1204 departure 01,19
1204 arrival 01,19
1204 ils 01,19
1202 23 24 twoway runway 01/19
1204 departure 01,19
1204 arrival 01,19
1204 ils 01,19
1202 24 25 twoway runway 01/19
1204 departure 01,19
1204 arrival 01,19
1204 ils 01,19
1202 25 26 twoway runway 01/19
1204 departure 01,19
1204 arrival 01,19
1204 ils 01,19
1202 26 22 twoway runway 01/19
1204 departure 01,19
1204 arrival 01,19
1204 ils 01,19
1202 96 44 twoway taxiway_B 
1202 100 69 twoway taxiway_A 
1202 101 70 twoway taxiway_A 
1202 97 98 twoway taxiway_B 
1202 98 71 twoway taxiway_B 
1202 99 100 twoway taxiway_B 
1202 100 101 twoway taxiway_B 
1202 101 97 twoway taxiway_B 
1202 68 99 twoway taxiway_A 
1206 1 2 twoway Crew Vehicles
1206 2 0 twoway Crew Vehicles
1206 3 1 twoway Crew Vehicles
1206 4 3 twoway Crew Vehicles
1206 5 4 twoway Crew Vehicles
1206 6 5 twoway Crew Vehicles
1206 7 6 twoway Crew Vehicles
1206 8 7 twoway Crew Vehicles
1206 9 8 twoway Crew Vehicles
1206 10 9 twoway Crew Vehicles
1206 11 18 twoway Crew Vehicles
1206 12 11 twoway Crew Vehicles
1206 13 12 twoway Crew Vehicles
1206 14 13 twoway Crew Vehicles
1206 15 14 twoway Crew Vehicles
1206 16 15 twoway Crew Vehicles
1206 18 17 twoway Crew Vehicles
1206 19 20 twoway Crew Vehicles
1206 20 0 twoway Crew Vehicles
1206 0 21 twoway Crew Vehicles
1206 21 18 twoway Crew Vehicles
1206 27 14 twoway 
1206 28 27 twoway 
1206 29 28 twoway 
1206 30 29 twoway 
1206 31 30 twoway 
1206 32 31 twoway 
1206 33 32 twoway 
1206 34 33 twoway 
1206 35 34 twoway 
1206 36 61 twoway 
1206 37 36 twoway 
1206 38 37 twoway 
1206 39 38 twoway 
1206 40 39 twoway 
1206 41 40 twoway 
1206 42 41 twoway 
1206 5 42 twoway 
1206 81 82 twoway 
1206 83 81 twoway 
1206 84 85 twoway 
1206 86 87 twoway 
1206 88 86 twoway 
1206 45 89 twoway 
1206 90 45 twoway 
1206 91 90 twoway 
1206 92 91 twoway 
1206 93 92 twoway 
1206 94 93 twoway 
1206 95 94 twoway 
1206 98 95 twoway 
1206 18 98 twoway 
1400  39.63026240 -086.09041291 5.0 crew_limo 0 New Service Truck 70
1400  39.63026744 -086.09048166 6.6 crew_ferrari 0 New Service Truck 69
1400  39.63013954 -086.09032969 5.0 crew_car 0 New Service Truck 65
1400  39.63106702 -086.08942236 188.0 fuel_jets 0 Jet A Turck
1400  39.63100286 -086.08949001 187.3 fuel_props 0 100LL Truck
1400  39.63065991 -086.08962524 99.8 gpu 0 GPU Truck
99
