I
1130 Generated by WorldEditor 2.4.0r2

1    112 0 0 PASX Soldotna
1302 city Soldotna
1302 country United States
1302 datum_lat 60.475138889
1302 datum_lon -151.039638889
1302 faa_code SXQ
1302 gui_label 3D
1302 iata_code SXQ
1302 icao_code PASX
1302 region_code PA
1302 state Alaska
1302 transition_alt 18000
1302 transition_level 18000
1302 flatten 1
100 15.00 15 0 0.00 0 2 0 07S  60.47557926 -151.04909565 0 0 0 0 0 0 25S  60.47559245 -151.03619828 0 0 0 0 0 0
100 40.00 15 0 0.25 0 2 0  07  60.47495202 -151.05212662 0 0 2 0 0 0 25  60.47495283 -151.02429628 0 0 2 0 0 0
110 2 0.00 0.0 Runway underpad
111  60.47513620 -151.05212230
111  60.47477417 -151.05212733
111  60.47477209 -151.02430340
113  60.47514166 -151.02430703
110 1 0.00 0.0 Main Taxiway
111  60.47512182 -151.02429427
112  60.47629889 -151.02431167  60.47642592 -151.02431774
111  60.47650371 -151.02401881
111  60.47651250 -151.01853545
111  60.47724628 -151.01853410
111  60.47815875 -151.01854992
111  60.47814537 -151.02038957
111  60.47870115 -151.02038700
111  60.47868661 -151.02352802
111  60.47843265 -151.02376587
111  60.47842734 -151.02448581
111  60.47814007 -151.02449391
111  60.47813535 -151.02499398
111  60.47853209 -151.02498740
111  60.47853455 -151.02577194
111  60.47810939 -151.02576515
111  60.47799230 -151.02584778
111  60.47724416 -151.02585033
111  60.47724358 -151.02776443
111  60.47785864 -151.02777350
111  60.47786029 -151.02880237
111  60.47789849 -151.02880725
111  60.47789982 -151.02928693
111  60.47787038 -151.02929007
111  60.47786279 -151.03043317
111  60.47864393 -151.03043721
111  60.47864550 -151.03132525
111  60.47870471 -151.03132161
111  60.47872265 -151.04125094
111  60.47793009 -151.04124642
111  60.47791826 -151.04676139
111  60.47683945 -151.04672102
111  60.47683737 -151.05151968
111  60.47649815 -151.05164201
112  60.47608865 -151.05190101  60.47582876 -151.05220487
111  60.47536690 -151.05221679
111  60.47536815 -151.05229084
111  60.47513373 -151.05229130
111  60.47513313 -151.05087676
112  60.47529949 -151.05148822  60.47535666 -151.05160053
111  60.47550793 -151.05158746
111  60.47568094 -151.05159850
112  60.47584062 -151.05145189  60.47591450 -151.05130005
111  60.47594692 -151.05109491
111  60.47595372 -151.04925788
112  60.47590556 -151.04910320  60.47585723 -151.04909355
111  60.47563739 -151.04908927
111  60.47564247 -151.04875810
112  60.47590463 -151.04873779  60.47593386 -151.04867477
111  60.47595466 -151.04855618
111  60.47596991 -151.03667235
112  60.47586435 -151.03645521  60.47576681 -151.03643100
111  60.47566240 -151.03650261
111  60.47566399 -151.03618644
112  60.47593517 -151.03610249  60.47598540 -151.03599921
111  60.47598198 -151.03592838
111  60.47598619 -151.03430583
112  60.47592133 -151.03407923  60.47587895 -151.03401903
111  60.47577739 -151.03402547
111  60.47534040 -151.03401279
112  60.47521177 -151.03414968  60.47514832 -151.03428037
111  60.47513216 -151.03463160
111  60.47513344 -151.03282333
112  60.47521652 -151.03332073  60.47526672 -151.03349179
111  60.47537547 -151.03351474
111  60.47577920 -151.03351536
112  60.47591551 -151.03332734  60.47596189 -151.03320351
111  60.47595729 -151.03299118
111  60.47596296 -151.02540637
112  60.47590154 -151.02498361  60.47582392 -151.02479043
111  60.47572927 -151.02474870
111  60.47540851 -151.02474997
112  60.47523303 -151.02491224  60.47516488 -151.02506291
113  60.47513605 -151.02533999
111  60.47649026 -151.03322702
111  60.47648768 -151.02518502
112  60.47631869 -151.02476538  60.47615681 -151.02474713
111  60.47614976 -151.02509177
111  60.47614433 -151.03313655
114  60.47632614 -151.03346033  60.47649477 -151.03346540
111  60.47615029 -151.03592880
112  60.47618143 -151.03610595  60.47621179 -151.03616228
111  60.47626297 -151.03616932
111  60.47638875 -151.03617988
112  60.47646855 -151.03609891  60.47649891 -151.03602497
111  60.47649718 -151.03591232
111  60.47648944 -151.03431571
112  60.47632919 -151.03398369  60.47618318 -151.03397782
113  60.47616271 -151.03423797
111  60.47616369 -151.04148349
112  60.47632085 -151.04173414  60.47646918 -151.04173062
111  60.47650649 -151.04130197
111  60.47650073 -151.03683678
112  60.47647731 -151.03668364  60.47645389 -151.03662907
111  60.47640098 -151.03662379
111  60.47625525 -151.03663787
112  60.47617284 -151.03675405  60.47615376 -151.03680686
113  60.47615549 -151.03690191
111  60.47767046 -151.02863985
111  60.47733279 -151.02863985
111  60.47733279 -151.02840042
111  60.47723936 -151.02840042
111  60.47723936 -151.02963452
113  60.47767046 -151.02963452
110 5 0.30 90.0 Gravel
111  60.47722031 -151.03045644
111  60.47722667 -151.02585058
111  60.47798542 -151.02584960
111  60.47809840 -151.02576402
111  60.47852620 -151.02576710
111  60.47852703 -151.02499133
111  60.47812737 -151.02499066
111  60.47812879 -151.02449223
111  60.47841516 -151.02449396
111  60.47842430 -151.02376767
111  60.47868665 -151.02352281
111  60.47867613 -151.02604287
111  60.47814616 -151.02605989
111  60.47814151 -151.02780345
111  60.47787261 -151.02778918
112  60.47812394 -151.02906961  60.47825575 -151.02944055
111  60.47863538 -151.02946551
113  60.47864065 -151.03044278
130 Airport Boundary 11
111  60.47372381 -151.05335020
111  60.47340378 -151.05274271
111  60.47342489 -151.04640900
111  60.47367037 -151.04639945
111  60.47373564 -151.01410679
111  60.47763185 -151.01416522
111  60.47759484 -151.01850313
111  60.47877530 -151.01850637
111  60.47875695 -151.05027815
111  60.47855448 -151.05272521
111  60.47771562 -151.05425575
111  60.47687132 -151.05587310
111  60.47684690 -151.05787713
113  60.47374321 -151.05795949
120 Linear Feature 9
112  60.47605955 -151.04855227  60.47605955 -151.04871920 1
112  60.47599561 -151.04882649  60.47598306 -151.04884895 1
116  60.47585543 -151.04892231  60.47577428 -151.04892006
120 Linear Feature 8
112  60.47605799 -151.04929496  60.47605922 -151.04913624 1
112  60.47599159 -151.04902333  60.47597703 -151.04899922 1
116  60.47585508 -151.04892308  60.47578178 -151.04892632
120 Linear Feature 7
111  60.47803217 -151.03636665 1
115  60.47803222 -151.03626938
120 Linear Feature 6
111  60.47806624 -151.03636687 1
111  60.47803217 -151.03636665 1
115  60.47799811 -151.03636644
120 Linear Feature 7
111  60.47803351 -151.03674827 1
115  60.47803398 -151.03684554
120 Linear Feature 6
111  60.47799944 -151.03674881 1
111  60.47803351 -151.03674827 1
115  60.47806757 -151.03674774
120 Linear Feature 7
111  60.47803072 -151.03763516 1
115  60.47803119 -151.03773243
120 Linear Feature 6
111  60.47799665 -151.03763569 1
111  60.47803072 -151.03763516 1
115  60.47806479 -151.03763463
120 Linear Feature 7
111  60.47796843 -151.03700952 1
115  60.47799910 -151.03708426
120 Linear Feature 6
111  60.47794220 -151.03705365 1
111  60.47796843 -151.03700952 1
115  60.47799465 -151.03696538
120 Linear Feature 7
111  60.47815807 -151.03707266 1
115  60.47812677 -151.03699898
120 Linear Feature 6
111  60.47818392 -151.03702763 1
111  60.47815807 -151.03707266 1
115  60.47813221 -151.03711768
120 Linear Feature 7
111  60.47814269 -151.03674108 1
115  60.47814316 -151.03683835
120 Linear Feature 6
111  60.47810862 -151.03674161 1
111  60.47814269 -151.03674108 1
115  60.47817676 -151.03674055
120 Linear Feature 7
111  60.47813990 -151.03762797 1
115  60.47814037 -151.03772524
120 Linear Feature 6
111  60.47810584 -151.03762850 1
111  60.47813990 -151.03762797 1
115  60.47817397 -151.03762743
120 Linear Feature 7
111  60.47760681 -151.03793266 1
115  60.47760680 -151.03783539
120 Linear Feature 6
111  60.47764087 -151.03793281 1
111  60.47760681 -151.03793266 1
115  60.47757274 -151.03793252
120 Linear Feature 7
111  60.47750637 -151.03793076 1
115  60.47750636 -151.03783348
120 Linear Feature 6
111  60.47754044 -151.03793090 1
111  60.47750637 -151.03793076 1
115  60.47747230 -151.03793061
120 Linear Feature 7
111  60.47696138 -151.04236244 1
115  60.47696138 -151.04226517
120 Linear Feature 6
111  60.47699545 -151.04236259 1
111  60.47696138 -151.04236244 1
115  60.47692732 -151.04236229
120 Linear Feature 7
111  60.47709918 -151.04236377 1
115  60.47709918 -151.04226650
120 Linear Feature 6
111  60.47713325 -151.04236392 1
111  60.47709918 -151.04236377 1
115  60.47706511 -151.04236363
120 Linear Feature 7
111  60.47723533 -151.04236778 1
115  60.47723533 -151.04227050
120 Linear Feature 6
111  60.47726940 -151.04236792 1
111  60.47723533 -151.04236778 1
115  60.47720126 -151.04236763
120 Linear Feature 7
111  60.47695720 -151.03825143 1
115  60.47695719 -151.03815415
120 Linear Feature 6
111  60.47699126 -151.03825157 1
111  60.47695720 -151.03825143 1
115  60.47692313 -151.03825128
120 Linear Feature 7
111  60.47709499 -151.03825276 1
115  60.47709499 -151.03815549
120 Linear Feature 6
111  60.47712906 -151.03825291 1
111  60.47709499 -151.03825276 1
115  60.47706092 -151.03825262
120 Linear Feature 7
111  60.47723114 -151.03825677 1
115  60.47723114 -151.03815949
120 Linear Feature 6
111  60.47726521 -151.03825691 1
111  60.47723114 -151.03825677 1
115  60.47719708 -151.03825662
120 Linear Feature 7
111  60.47736927 -151.03825877 1
115  60.47736927 -151.03816149
120 Linear Feature 6
111  60.47740333 -151.03825891 1
111  60.47736927 -151.03825877 1
115  60.47733520 -151.03825862
120 Linear Feature 7
111  60.47760361 -151.03826324 1
115  60.47760361 -151.03816597
120 Linear Feature 6
111  60.47763768 -151.03826339 1
111  60.47760361 -151.03826324 1
115  60.47756954 -151.03826310
120 Linear Feature 7
111  60.47750509 -151.03825944 1
115  60.47750509 -151.03816216
120 Linear Feature 6
111  60.47753916 -151.03825958 1
111  60.47750509 -151.03825944 1
115  60.47747102 -151.03825929
120 Linear Feature 7
111  60.47695813 -151.03794487 1
115  60.47695813 -151.03784759
120 Linear Feature 6
111  60.47699220 -151.03794502 1
111  60.47695813 -151.03794487 1
115  60.47692407 -151.03794472
120 Linear Feature 7
111  60.47709593 -151.03794620 1
115  60.47709593 -151.03784893
120 Linear Feature 6
111  60.47713000 -151.03794635 1
111  60.47709593 -151.03794620 1
115  60.47706186 -151.03794606
120 Linear Feature 7
111  60.47723208 -151.03795021 1
115  60.47723208 -151.03785293
120 Linear Feature 6
111  60.47726615 -151.03795035 1
111  60.47723208 -151.03795021 1
115  60.47719801 -151.03795006
120 Linear Feature 7
111  60.47737021 -151.03795221 1
115  60.47737020 -151.03785494
120 Linear Feature 6
111  60.47740427 -151.03795236 1
111  60.47737021 -151.03795221 1
115  60.47733614 -151.03795207
120 Linear Feature 7
111  60.47696543 -151.04179147 1
115  60.47696543 -151.04169419
120 Linear Feature 6
111  60.47699950 -151.04179161 1
111  60.47696543 -151.04179147 1
115  60.47693136 -151.04179132
120 Linear Feature 7
111  60.47710322 -151.04179280 1
115  60.47710322 -151.04169553
120 Linear Feature 6
111  60.47713729 -151.04179295 1
111  60.47710322 -151.04179280 1
115  60.47706916 -151.04179266
120 Linear Feature 7
111  60.47723937 -151.04179681 1
115  60.47723937 -151.04169953
120 Linear Feature 6
111  60.47727344 -151.04179695 1
111  60.47723937 -151.04179681 1
115  60.47720531 -151.04179666
120 Linear Feature 7
111  60.47737750 -151.04179881 1
115  60.47737750 -151.04170153
120 Linear Feature 6
111  60.47741157 -151.04179895 1
111  60.47737750 -151.04179881 1
115  60.47734343 -151.04179866
120 Linear Feature 7
111  60.47751332 -151.04179948 1
115  60.47751332 -151.04170220
120 Linear Feature 6
111  60.47754739 -151.04179962 1
111  60.47751332 -151.04179948 1
115  60.47747925 -151.04179933
120 Linear Feature 7
111  60.47696997 -151.04124774 1
115  60.47696997 -151.04115047
120 Linear Feature 6
111  60.47700404 -151.04124789 1
111  60.47696997 -151.04124774 1
115  60.47693590 -151.04124760
120 Linear Feature 7
111  60.47710776 -151.04124908 1
115  60.47710776 -151.04115180
120 Linear Feature 6
111  60.47714183 -151.04124922 1
111  60.47710776 -151.04124908 1
115  60.47707370 -151.04124893
120 Linear Feature 7
111  60.47724392 -151.04125308 1
115  60.47724391 -151.04115581
120 Linear Feature 6
111  60.47727798 -151.04125323 1
111  60.47724392 -151.04125308 1
115  60.47720985 -151.04125293
120 Linear Feature 7
111  60.47738204 -151.04125508 1
115  60.47738204 -151.04115781
120 Linear Feature 6
111  60.47741611 -151.04125523 1
111  60.47738204 -151.04125508 1
115  60.47734797 -151.04125494
120 Linear Feature 7
111  60.47751786 -151.04125575 1
115  60.47751786 -151.04115848
120 Linear Feature 6
111  60.47755193 -151.04125590 1
111  60.47751786 -151.04125575 1
115  60.47748379 -151.04125561
120 Linear Feature 7
111  60.47696226 -151.04075087 1
115  60.47696226 -151.04065360
120 Linear Feature 6
111  60.47699633 -151.04075102 1
111  60.47696226 -151.04075087 1
115  60.47692819 -151.04075073
120 Linear Feature 7
111  60.47710005 -151.04075221 1
115  60.47710005 -151.04065493
120 Linear Feature 6
111  60.47713412 -151.04075235 1
111  60.47710005 -151.04075221 1
115  60.47706599 -151.04075206
120 Linear Feature 7
111  60.47723620 -151.04075621 1
115  60.47723620 -151.04065894
120 Linear Feature 6
111  60.47727027 -151.04075636 1
111  60.47723620 -151.04075621 1
115  60.47720214 -151.04075607
120 Linear Feature 7
111  60.47737433 -151.04075821 1
115  60.47737433 -151.04066094
120 Linear Feature 6
111  60.47740840 -151.04075836 1
111  60.47737433 -151.04075821 1
115  60.47734026 -151.04075807
120 Linear Feature 7
111  60.47751015 -151.04075888 1
115  60.47751015 -151.04066161
120 Linear Feature 6
111  60.47754422 -151.04075902 1
111  60.47751015 -151.04075888 1
115  60.47747608 -151.04075873
120 Linear Feature 7
111  60.47695183 -151.03737173 1
115  60.47695183 -151.03727446
120 Linear Feature 6
111  60.47698590 -151.03737188 1
111  60.47695183 -151.03737173 1
115  60.47691776 -151.03737159
120 Linear Feature 7
111  60.47708963 -151.03737307 1
115  60.47708963 -151.03727579
120 Linear Feature 6
111  60.47712369 -151.03737321 1
111  60.47708963 -151.03737307 1
115  60.47705556 -151.03737292
120 Linear Feature 7
111  60.47722578 -151.03737707 1
115  60.47722578 -151.03727980
120 Linear Feature 6
111  60.47725985 -151.03737722 1
111  60.47722578 -151.03737707 1
115  60.47719171 -151.03737693
120 Linear Feature 7
111  60.47736390 -151.03737908 1
115  60.47736390 -151.03728180
120 Linear Feature 6
111  60.47739797 -151.03737922 1
111  60.47736390 -151.03737908 1
115  60.47732983 -151.03737893
120 Linear Feature 7
111  60.47749972 -151.03737974 1
115  60.47749972 -151.03728247
120 Linear Feature 6
111  60.47753379 -151.03737989 1
111  60.47749972 -151.03737974 1
115  60.47746566 -151.03737960
120 Linear Feature 7
111  60.47694902 -151.03681384 1
115  60.47694901 -151.03671656
120 Linear Feature 6
111  60.47698308 -151.03681398 1
111  60.47694902 -151.03681384 1
115  60.47691495 -151.03681369
120 Linear Feature 7
111  60.47708681 -151.03681517 1
115  60.47708681 -151.03671790
120 Linear Feature 6
111  60.47712088 -151.03681532 1
111  60.47708681 -151.03681517 1
115  60.47705274 -151.03681503
120 Linear Feature 7
111  60.47722296 -151.03681918 1
115  60.47722296 -151.03672190
120 Linear Feature 6
111  60.47725703 -151.03681932 1
111  60.47722296 -151.03681918 1
115  60.47718890 -151.03681903
120 Linear Feature 7
111  60.47736109 -151.03682118 1
115  60.47736109 -151.03672391
120 Linear Feature 6
111  60.47739515 -151.03682133 1
111  60.47736109 -151.03682118 1
115  60.47732702 -151.03682103
120 Linear Feature 7
111  60.47749691 -151.03682185 1
115  60.47749691 -151.03672457
120 Linear Feature 6
111  60.47753098 -151.03682199 1
111  60.47749691 -151.03682185 1
115  60.47746284 -151.03682170
120 Linear Feature 7
111  60.47694781 -151.03514565 1
115  60.47694781 -151.03504838
120 Linear Feature 6
111  60.47698188 -151.03514580 1
111  60.47694781 -151.03514565 1
115  60.47691375 -151.03514551
120 Linear Feature 7
111  60.47708561 -151.03514699 1
115  60.47708561 -151.03504971
120 Linear Feature 6
111  60.47711968 -151.03514714 1
111  60.47708561 -151.03514699 1
115  60.47705154 -151.03514684
120 Linear Feature 7
111  60.47722176 -151.03515099 1
115  60.47722176 -151.03505372
120 Linear Feature 6
111  60.47725583 -151.03515114 1
111  60.47722176 -151.03515099 1
115  60.47718769 -151.03515085
120 Linear Feature 7
111  60.47735988 -151.03515300 1
115  60.47735988 -151.03505572
120 Linear Feature 6
111  60.47739395 -151.03515314 1
111  60.47735988 -151.03515300 1
115  60.47732582 -151.03515285
120 Linear Feature 7
111  60.47749571 -151.03515366 1
115  60.47749570 -151.03505639
120 Linear Feature 6
111  60.47752977 -151.03515381 1
111  60.47749571 -151.03515366 1
115  60.47746164 -151.03515352
120 Linear Feature 7
111  60.47694885 -151.03569441 1
115  60.47694884 -151.03559714
120 Linear Feature 6
111  60.47698291 -151.03569456 1
111  60.47694885 -151.03569441 1
115  60.47691478 -151.03569427
120 Linear Feature 7
111  60.47708664 -151.03569575 1
115  60.47708664 -151.03559847
120 Linear Feature 6
111  60.47712071 -151.03569589 1
111  60.47708664 -151.03569575 1
115  60.47705257 -151.03569560
120 Linear Feature 7
111  60.47722279 -151.03569975 1
115  60.47722279 -151.03560248
120 Linear Feature 6
111  60.47725686 -151.03569990 1
111  60.47722279 -151.03569975 1
115  60.47718872 -151.03569960
120 Linear Feature 7
111  60.47736092 -151.03570175 1
115  60.47736091 -151.03560448
120 Linear Feature 6
111  60.47739498 -151.03570190 1
111  60.47736092 -151.03570175 1
115  60.47732685 -151.03570161
120 Linear Feature 7
111  60.47749674 -151.03570242 1
115  60.47749674 -151.03560514
120 Linear Feature 6
111  60.47753081 -151.03570256 1
111  60.47749674 -151.03570242 1
115  60.47746267 -151.03570227
120 Linear Feature 7
111  60.47694988 -151.03625573 1
115  60.47694987 -151.03615846
120 Linear Feature 6
111  60.47698394 -151.03625588 1
111  60.47694988 -151.03625573 1
115  60.47691581 -151.03625559
120 Linear Feature 7
111  60.47708767 -151.03625707 1
115  60.47708767 -151.03615979
120 Linear Feature 6
111  60.47712174 -151.03625721 1
111  60.47708767 -151.03625707 1
115  60.47705360 -151.03625692
120 Linear Feature 7
111  60.47722382 -151.03626107 1
115  60.47722382 -151.03616380
120 Linear Feature 6
111  60.47725789 -151.03626122 1
111  60.47722382 -151.03626107 1
115  60.47718976 -151.03626093
120 Linear Feature 7
111  60.47736195 -151.03626307 1
115  60.47736195 -151.03616580
120 Linear Feature 6
111  60.47739602 -151.03626322 1
111  60.47736195 -151.03626307 1
115  60.47732788 -151.03626293
120 Linear Feature 7
111  60.47749777 -151.03626374 1
115  60.47749777 -151.03616647
120 Linear Feature 6
111  60.47753184 -151.03626389 1
111  60.47749777 -151.03626374 1
115  60.47746370 -151.03626359
120 Linear Feature 7
111  60.47694880 -151.03458413 1
115  60.47694880 -151.03448686
120 Linear Feature 6
111  60.47698287 -151.03458428 1
111  60.47694880 -151.03458413 1
115  60.47691473 -151.03458399
120 Linear Feature 7
111  60.47708660 -151.03458548 1
115  60.47708659 -151.03448819
120 Linear Feature 6
111  60.47712066 -151.03458562 1
111  60.47708660 -151.03458548 1
115  60.47705253 -151.03458533
120 Linear Feature 7
111  60.47722275 -151.03458947 1
115  60.47722275 -151.03449220
120 Linear Feature 6
111  60.47725682 -151.03458963 1
111  60.47722275 -151.03458947 1
115  60.47718868 -151.03458933
120 Linear Feature 7
111  60.47736087 -151.03459147 1
115  60.47736087 -151.03449420
120 Linear Feature 6
111  60.47739494 -151.03459162 1
111  60.47736087 -151.03459147 1
115  60.47732681 -151.03459133
120 Linear Feature 7
111  60.47749670 -151.03459215 1
115  60.47749669 -151.03449488
120 Linear Feature 6
111  60.47753076 -151.03459229 1
111  60.47749670 -151.03459215 1
115  60.47746263 -151.03459200
120 Linear Feature 7
111  60.47693673 -151.03292135 1
115  60.47693673 -151.03282408
120 Linear Feature 6
111  60.47697079 -151.03292150 1
111  60.47693673 -151.03292135 1
115  60.47690266 -151.03292121
120 Linear Feature 7
111  60.47707452 -151.03292269 1
115  60.47707451 -151.03282541
120 Linear Feature 6
111  60.47710859 -151.03292283 1
111  60.47707452 -151.03292269 1
115  60.47704046 -151.03292254
120 Linear Feature 7
111  60.47721068 -151.03292669 1
115  60.47721068 -151.03282942
120 Linear Feature 6
111  60.47724475 -151.03292684 1
111  60.47721068 -151.03292669 1
115  60.47717660 -151.03292655
120 Linear Feature 7
111  60.47734879 -151.03292869 1
115  60.47734879 -151.03283142
120 Linear Feature 6
111  60.47738287 -151.03292884 1
111  60.47734879 -151.03292869 1
115  60.47731474 -151.03292855
120 Linear Feature 7
111  60.47748463 -151.03292936 1
115  60.47748462 -151.03283209
120 Linear Feature 6
111  60.47751868 -151.03292951 1
111  60.47748463 -151.03292936 1
115  60.47745055 -151.03292921
120 Linear Feature 7
111  60.47693975 -151.03235745 1
115  60.47693975 -151.03226018
120 Linear Feature 6
111  60.47697382 -151.03235760 1
111  60.47693975 -151.03235745 1
115  60.47690567 -151.03235731
120 Linear Feature 7
111  60.47707755 -151.03235879 1
115  60.47707753 -151.03226151
120 Linear Feature 6
111  60.47711160 -151.03235893 1
111  60.47707755 -151.03235879 1
115  60.47704348 -151.03235864
120 Linear Feature 7
111  60.47721370 -151.03236279 1
115  60.47721370 -151.03226552
120 Linear Feature 6
111  60.47724777 -151.03236294 1
111  60.47721370 -151.03236279 1
115  60.47717962 -151.03236265
120 Linear Feature 7
111  60.47735181 -151.03236479 1
115  60.47735181 -151.03226752
120 Linear Feature 6
111  60.47738588 -151.03236494 1
111  60.47735181 -151.03236479 1
115  60.47731776 -151.03236465
120 Linear Feature 7
111  60.47748764 -151.03236546 1
115  60.47748764 -151.03226819
120 Linear Feature 6
111  60.47752171 -151.03236561 1
111  60.47748764 -151.03236546 1
115  60.47745357 -151.03236531
120 Linear Feature 7
111  60.47694061 -151.03179935 1
115  60.47694061 -151.03170207
120 Linear Feature 6
111  60.47697468 -151.03179949 1
111  60.47694061 -151.03179935 1
115  60.47690653 -151.03179920
120 Linear Feature 7
111  60.47707841 -151.03180068 1
115  60.47707841 -151.03170341
120 Linear Feature 6
111  60.47711247 -151.03180083 1
111  60.47707841 -151.03180068 1
115  60.47704434 -151.03180053
120 Linear Feature 7
111  60.47721456 -151.03180468 1
115  60.47721456 -151.03170741
120 Linear Feature 6
111  60.47724863 -151.03180483 1
111  60.47721456 -151.03180468 1
115  60.47718048 -151.03180454
120 Linear Feature 7
111  60.47735267 -151.03180669 1
115  60.47735267 -151.03170941
120 Linear Feature 6
111  60.47738674 -151.03180683 1
111  60.47735267 -151.03180669 1
115  60.47731862 -151.03180654
120 Linear Feature 7
111  60.47748850 -151.03180735 1
115  60.47748850 -151.03171008
120 Linear Feature 6
111  60.47752257 -151.03180750 1
111  60.47748850 -151.03180735 1
115  60.47745443 -151.03180721
120 Linear Feature 7
111  60.47693958 -151.03123802 1
115  60.47693958 -151.03114075
120 Linear Feature 6
111  60.47697365 -151.03123817 1
111  60.47693958 -151.03123802 1
115  60.47690550 -151.03123788
120 Linear Feature 7
111  60.47707738 -151.03123936 1
115  60.47707736 -151.03114208
120 Linear Feature 6
111  60.47711143 -151.03123950 1
111  60.47707738 -151.03123936 1
115  60.47704331 -151.03123921
120 Linear Feature 7
111  60.47721353 -151.03124336 1
115  60.47721353 -151.03114609
120 Linear Feature 6
111  60.47724760 -151.03124351 1
111  60.47721353 -151.03124336 1
115  60.47717945 -151.03124322
120 Linear Feature 7
111  60.47735164 -151.03124536 1
115  60.47735164 -151.03114809
120 Linear Feature 6
111  60.47738571 -151.03124551 1
111  60.47735164 -151.03124536 1
115  60.47731758 -151.03124522
120 Linear Feature 7
111  60.47748747 -151.03124603 1
115  60.47748747 -151.03114876
120 Linear Feature 6
111  60.47752154 -151.03124618 1
111  60.47748747 -151.03124603 1
115  60.47745339 -151.03124589
120 Linear Feature 67
111  60.47605098 -151.03650566 1
112  60.47607738 -151.03637478  60.47609981 -151.03632716 1
111  60.47614133 -151.03631194 1
112  60.47607720 -151.03624180  60.47605891 -151.03619281 1
111  60.47605098 -151.03610783 1
112  60.47601851 -151.03625285  60.47599504 -151.03629738 1
111  60.47595097 -151.03630926 1
114  60.47601571 -151.03637754  60.47603747 -151.03642740 1
120 Linear Feature 65
111  60.47586728 -151.03630886 1
112  60.47645038 -151.03631472  60.47650201 -151.03631342 1
116  60.47661609 -151.03595571  60.47661447 -151.03576880
120 Linear Feature 9
111  60.47586611 -151.05151726 4
115  60.47595719 -151.05171135
120 Linear Feature 8
111  60.47590742 -151.04882657 4
115  60.47590833 -151.04902009
120 Linear Feature 7
111  60.47590912 -151.03622832 4
115  60.47590957 -151.03640284
120 Linear Feature 6
111  60.47588293 -151.03358081 4
111  60.47591901 -151.03369139 4
111  60.47591954 -151.03381079 4
115  60.47588261 -151.03393307
120 Linear Feature 5
111  60.47551327 -151.02440878 4
115  60.47551327 -151.02469156
120 Linear Feature 4
112  60.47653805 -151.03320829  60.47653769 -151.03309866 3 102
112  60.47653167 -151.02509947  60.47652903 -151.02485050 3 102
112  60.47637007 -151.02470219  60.47631959 -151.02468448 3 102
112  60.47619326 -151.02475593  60.47613153 -151.02483265 3 102
112  60.47612033 -151.02515403  60.47611869 -151.02533688 3 102
112  60.47611431 -151.03314316  60.47611431 -151.03332481 3 102
112  60.47623043 -151.03356558  60.47629699 -151.03364400 3 102
114  60.47644090 -151.03354294  60.47649920 -151.03348322 3 102
120 Linear Feature 3
112  60.47654501 -151.03595572  60.47654501 -151.03580944 3 102
112  60.47654059 -151.03429006  60.47653758 -151.03410832 3 102
112  60.47644732 -151.03395057  60.47641398 -151.03391400 3 102
112  60.47620661 -151.03397106  60.47615930 -151.03408319 3 102
112  60.47614977 -151.03425165  60.47614952 -151.03431693 3 102
112  60.47613822 -151.03591507  60.47613889 -151.03601398 3 102
112  60.47625726 -151.03624368  60.47635475 -151.03624093 3 102
114  60.47641235 -151.03623994  60.47648208 -151.03623856 3 102
120 Linear Feature 13
111  60.47537465 -151.03375264 1
115  60.47653552 -151.03373445
120 Linear Feature 10
112  60.47585557 -151.04883513  60.47593348 -151.04883840 3 102
112  60.47599338 -151.04857515  60.47599498 -151.04839310
111  60.47599338 -151.04857515 3 102
111  60.47599752 -151.04376245 3 102
112  60.47599547 -151.03667934  60.47599450 -151.03648108 3 102
116  60.47584802 -151.03639106  60.47576595 -151.03639007
120 Linear Feature 77
111  60.47536742 -151.05183344 1
112  60.47520391 -151.05172397  60.47514887 -151.05164419 1
115  60.47513463 -151.05161119
120 Linear Feature 75
111  60.47537220 -151.03375081 1
112  60.47509065 -151.03345827  60.47498447 -151.03322280 1
111  60.47495835 -151.03291127 1
115  60.47496252 -151.03156102
120 Linear Feature 74
111  60.47496520 -151.03574410 1
111  60.47496449 -151.03451377 1
112  60.47514780 -151.03391878  60.47528432 -151.03374517 1
115  60.47537265 -151.03375439
120 Linear Feature 70
111  60.47661240 -151.03392939 1
112  60.47658299 -151.03379018  60.47655981 -151.03374422 1
111  60.47653478 -151.03373354 1
112  60.47658299 -151.03367475  60.47660300 -151.03362666 1
111  60.47661248 -151.03354473 1
112  60.47664672 -151.03366941  60.47667147 -151.03371644 1
111  60.47670847 -151.03373383 1
114  60.47664830 -151.03379981  60.47662302 -151.03384790 1
120 Linear Feature 69
111  60.47763715 -151.03372663 1
112  60.47768543 -151.03366206  60.47770115 -151.03362050 1
115  60.47770872 -151.03353913
120 Linear Feature 68
111  60.47670547 -151.03373323 1
111  60.47763751 -151.03372590 1
112  60.47768506 -151.03378230  60.47770042 -151.03382312 1
115  60.47770847 -151.03389290
120 Linear Feature 54
112  60.47613094 -151.04144055  60.47613094 -151.04157378 3 102
112  60.47633688 -151.04177396  60.47649736 -151.04176164 3 102
112  60.47654988 -151.04122027  60.47655243 -151.04104435 3 102
112  60.47654739 -151.03671187  60.47654739 -151.03662024 3 102
112  60.47650896 -151.03646797  60.47647900 -151.03641333 3 102
112  60.47641344 -151.03638878  60.47638050 -151.03638878 3 102
111  60.47626211 -151.03639232 3 102
112  60.47617184 -151.03647295  60.47614150 -151.03654990 3 102
113  60.47612812 -151.03666930 3 102
120 Linear Feature 53
111  60.47513155 -151.05110902 3 102
112  60.47526124 -151.05152288  60.47534638 -151.05170086 3 102
111  60.47543864 -151.05169796 3 102
112  60.47570435 -151.05168780  60.47575453 -151.05167095 3 102
112  60.47586605 -151.05150914  60.47595857 -151.05134204 3 102
112  60.47598786 -151.05103115  60.47598942 -151.05092461 3 102
112  60.47599724 -151.04928307  60.47599592 -151.04912486 3 102
116  60.47585238 -151.04899789  60.47577221 -151.04899459
120 Linear Feature 52
111  60.47668476 -151.04088746 3 102
112  60.47662637 -151.04161905  60.47655056 -151.04188902
111  60.47662637 -151.04161905
112  60.47662637 -151.04161905  60.47652152 -151.04193179 3 102
112  60.47623303 -151.04259282  60.47618311 -151.04285533 3 102
111  60.47613477 -151.04346711 3 102
112  60.47613007 -151.05104757  60.47613008 -151.05115306 3 102
112  60.47597225 -151.05168470  60.47585790 -151.05194640 3 102
112  60.47565973 -151.05196830  60.47560763 -151.05197013 3 102
115  60.47513648 -151.05197125
120 Linear Feature 58
111  60.47771319 -151.03045562 1
111  60.47770681 -151.03686098 1
112  60.47771265 -151.03731386  60.47771720 -151.03743084 1
111  60.47775197 -151.03787875 1
112  60.47778280 -151.03831907  60.47778735 -151.03846868 1
115  60.47778553 -151.03875496
120 Linear Feature 50
111  60.47778495 -151.03045383 9
111  60.47777383 -151.03685086 9
112  60.47778065 -151.03729105  60.47778444 -151.03738648 9
111  60.47781130 -151.03780732 9
112  60.47784206 -151.03830136  60.47784965 -151.03844604 9
115  60.47785041 -151.03871385
120 Linear Feature 49
111  60.47667624 -151.03397571 9
112  60.47668941 -151.03387176  60.47670082 -151.03385038 9
111  60.47675402 -151.03385577 9
111  60.47760097 -151.03384716 9
112  60.47763533 -151.03386392  60.47764143 -151.03387814 9
111  60.47764539 -151.03393072 9
111  60.47764157 -151.03686851 9
112  60.47764855 -151.03728748  60.47765310 -151.03737059 9
111  60.47767949 -151.03787112 9
112  60.47771294 -151.03833677  60.47771658 -151.03840695 9
115  60.47771385 -151.03872463
120 Linear Feature 48
111  60.47666524 -151.01860675 8
112  60.47667345 -151.03352092  60.47667487 -151.03359014 8
111  60.47671215 -151.03358492 8
111  60.47761125 -151.03359210 8
112  60.47763730 -151.03357636  60.47764652 -151.03356092 8
111  60.47764724 -151.03351906 8
115  60.47764123 -151.03045638
120 Linear Feature 1
111  60.47513093 -151.02439891 3 102
112  60.47631746 -151.02440756  60.47645264 -151.02440369 3 102
112  60.47653389 -151.02404393  60.47653580 -151.02387587 3 102
115  60.47653623 -151.01860389
120 Linear Feature 2
112  60.47513199 -151.03296253  60.47513199 -151.03322180 3 102
112  60.47522856 -151.03348517  60.47527592 -151.03356787 3 102
112  60.47535944 -151.03361257  60.47540020 -151.03361927 3 102
112  60.47578571 -151.03361928  60.47583858 -151.03361704 3 102
112  60.47589812 -151.03355588  60.47593116 -151.03350224 3 102
112  60.47596188 -151.03340241  60.47598232 -151.03333641 3 102
112  60.47599581 -151.03316859  60.47599471 -151.03306131 3 102
112  60.47599361 -151.02545972  60.47599170 -151.02529456 3 102
112  60.47593716 -151.02495804  60.47589751 -151.02485969 3 102
112  60.47573055 -151.02469594  60.47562662 -151.02468923 3 102
112  60.47548128 -151.02468441  60.47543062 -151.02468664 3 102
112  60.47523716 -151.02481652  60.47516165 -151.02496515 3 102
116  60.47513641 -151.02526660  60.47512913 -151.02546502
120 Linear Feature 5
112  60.47617202 -151.02454730  60.47613808 -151.02454730 1
116  60.47605059 -151.02481045  60.47605123 -151.02490876
120 Linear Feature 4
112  60.47659841 -151.02482087  60.47659859 -151.02476600 1
116  60.47650858 -151.02454868  60.47644898 -151.02454832
120 Linear Feature 3
112  60.47659843 -151.02442016  60.47659858 -151.02448514 1
112  60.47650874 -151.02454795  60.47645934 -151.02454580 1
111  60.47537613 -151.02455072 1
112  60.47522521 -151.02462333  60.47517088 -151.02468625 1
115  60.47513158 -151.02485532
120 Linear Feature 6
111  60.47537627 -151.02455086 1
115  60.47514009 -151.02456200
120 Linear Feature 7
112  60.47592948 -151.02454885  60.47596544 -151.02454823 1
112  60.47605095 -151.02481093  60.47605064 -151.02493461 1
111  60.47605579 -151.03381737 1
111  60.47604946 -151.03636073 1
111  60.47606752 -151.04284455 1
111  60.47605867 -151.04893286 1
112  60.47605649 -151.05100881  60.47605701 -151.05123303 1
112  60.47593604 -151.05156690  60.47589652 -151.05165582 1
112  60.47569385 -151.05182944  60.47559058 -151.05185264 1
115  60.47513731 -151.05182082
120 Linear Feature 10
112  60.47584715 -151.03624271  60.47590986 -151.03623747 3 102
112  60.47596261 -151.03615139  60.47598659 -151.03610573 3 102
112  60.47600060 -151.03593581  60.47600097 -151.03586395 3 102
112  60.47599858 -151.03435745  60.47599767 -151.03423451 3 102
112  60.47597725 -151.03415510  60.47595704 -151.03406423 3 102
112  60.47587013 -151.03391976  60.47582941 -151.03387665 3 102
112  60.47577098 -151.03388204  60.47574973 -151.03388024 3 102
112  60.47549388 -151.03388473  60.47546820 -151.03388473 3 102
112  60.47533674 -151.03390359  60.47527565 -151.03391437 3 102
112  60.47519774 -151.03408683  60.47517251 -151.03414072 3 102
116  60.47514108 -151.03443804  60.47513533 -151.03452696
120 Linear Feature 11
112  60.47661439 -151.03670779  60.47661531 -151.03660424 1
112  60.47655506 -151.03642459  60.47653016 -151.03638155 1
116  60.47645024 -151.03631480  60.47641765 -151.03631418
120 Linear Feature 14
111  60.47715862 -151.02658297 25
115  60.47715566 -151.01868257
120 Linear Feature 13
111  60.47724353 -151.01866747 24
115  60.47723257 -151.02658737
120 Linear Feature 12
111  60.47706977 -151.02658286 24
115  60.47707087 -151.01863410
120 Linear Feature 16
112  60.47606336 -151.04158760  60.47606272 -151.04174152 1
112  60.47614240 -151.04195365  60.47617108 -151.04200539 1
112  60.47626988 -151.04204420  60.47632157 -151.04204000 1
116  60.47640180 -151.04194184  60.47644387 -151.04185777
120 Linear Feature 15
112  60.47606723 -151.04329491  60.47606647 -151.04288980 1
112  60.47622178 -151.04233967  60.47625697 -151.04222481 1
112  60.47645675 -151.04183240  60.47648650 -151.04177312
111  60.47645675 -151.04183240
112  60.47645675 -151.04183240  60.47647257 -151.04180087 1
112  60.47653779 -151.04165684  60.47656804 -151.04158200
111  60.47653779 -151.04165684
112  60.47653779 -151.04165684  60.47656442 -151.04159096 1
112  60.47659592 -151.04147777  60.47660491 -151.04143563
111  60.47659592 -151.04147777
112  60.47659592 -151.04147777  60.47661513 -151.04138776 1
112  60.47661880 -151.04124271  60.47661934 -151.04117285 1
111  60.47661606 -151.03631477 1
111  60.47659793 -151.02458211 1
115  60.47659440 -151.01859898
21  60.47531990 -151.04544069 2 89.0 3.00 07  VASI
21  60.47463778 -151.03072724 2 269.0 3.00 25  VASI
20  60.47523971 -151.02541816 89.9 0 1 {@Y}{^l}G
20  60.47518809 -151.05096493 277.8 0 1 {@Y}C{^r}
20  60.47631994 -151.03351238 179.8 0 1 {@Y}{^l}B{^r}{@L}F{@@}F{@Y}{^l}A{^r}
20  60.47630614 -151.02419603 360.0 0 1 {@L}G{@Y}{^l}A{^r}{@@}25{^u}|B{^ru}{@L}G
20  60.47593586 -151.03306908 89.6 0 1 {@L}B{@Y}25{^u}{@@}{^l}F{^r}{@L}B
20  60.47646687 -151.03435367 90.8 0 1 {@L}A{@Y}F{^r}{@@}A
20  60.47646252 -151.03312034 269.7 0 1 {@Y}F{^l}{@L}A{@@}A
20  60.47617074 -151.03433138 269.7 0 1 {@L}B{@@}{@Y}{^l}F{^r}{@L}B
20  60.47619863 -151.02511360 269.7 0 1 {@L}B{@Y}7{^u}{@@}{^l}G{^r}{@L}B
20  60.47553368 -151.02420163 178.7 0 1 {@R}25{@L}G{@@,safety}G
20  60.47587165 -151.03342577 181.1 0 1 {@R}25-7{@L}F{@@}F{@Y}{^l}B{^r}
20  60.47586874 -151.03404159 181.1 0 1 {@L}F{@R}25-7{@@,safety}
20  60.47591674 -151.03608661 180.3 0 1 {@R}25S{@L}E{@@,safety}{@L}E
20  60.47631683 -151.04271214 56.0 0 1 {@L}A{@@}{@Y}{^ld}B{^ru}{@L}A
20  60.47594252 -151.03592711 269.6 0 1 {@Y}{^l}25S|{^l}E{^r}{@L}B{@@}B
20  60.47617137 -151.03687763 89.4 0 1 {@Y}{^l}E{^r}|25S{^r}{@L}B{@@}B{@Y}7{^u}
20  60.47591546 -151.04245687 269.4 0 1 {@Y}7{^u}{@L}B{@@}B{@Y}25{^u}
20  60.47591293 -151.04363176 89.7 0 1 {@L}B{@Y}{^lu}A{@@}7{^u}{@L}B
20  60.47592813 -151.04860686 89.7 0 1 {@L}B{@Y}25{^u}{@@}7{^u}|D{^l}
20  60.47590615 -151.04929844 89.7 0 1 {@L}B{@Y}D{^r}{@@}7{^u}
20  60.47590586 -151.04870771 179.0 0 1 {@L}D{@R}7S{@@,safety}
20  60.47585271 -151.05144685 224.4 0 1 {@L}C{@R}7{@@}{@L}C{@Y}B{^ru}
14  60.47810387 -151.03452352 7 0 Soldotna
1300  60.47806065 -151.03549029 95.4 gate turboprops|props Pilots Lounge
1301 B none 
1300  60.47814306 -151.03673789 103.7 tie_down props MARC
1301 A none 
1300  60.47799933 -151.02360167 89.8 gate turboprops|props Above Alaska 3
1301 B none 
1300  60.47781966 -151.02360167 90.7 gate turboprops|props Above Alaska 4
1301 B none 
1300  60.47744167 -151.02359823 91.0 gate turboprops|props Above Alaska 6
1301 B none 
1300  60.47799933 -151.02196436 90.7 gate jets|turboprops|props Above Alaska 7
1301 C none 
1300  60.47770439 -151.02066414 269.7 gate turboprops|props Above Alaska 9
1301 B none 
1300  60.47707837 -151.03179890 269.7 gate props Tie-Down 42B
1301 A none 
1300  60.47748600 -151.03293186 269.0 gate props Tie-Down 40E
1301 A none 
1300  60.47736296 -151.03459318 268.5 gate props Tie-Down 31D
1301 A none 
1300  60.47695058 -151.03458674 270.0 gate props Tie-Down 31A
1301 A none 
1300  60.47749937 -151.03569716 270.0 gate props Tie-Down 29E
1301 A none 
1300  60.47751633 -151.04177540 272.6 tie_down props Tie-Down 18E
1301 A none 
1300  60.47669654 -151.04515579 270.0 tie_down props Tie-Down 13C
1301 A none 
1300  60.47668881 -151.04860191 268.5 tie_down props Tie-Down 6C
1301 A none 
1300  60.47640946 -151.05010506 269.2 tie_down props Tie-Down 3A
1301 A none 
19  60.47602724 -151.05278201 0 WS
19  60.47554876 -151.02904863 1 WS
1050 135450 AWOS 3
1051 122500 CTAF
1200 
1201  60.47846609 -151.02105244 both 0 _stop
1201  60.47800597 -151.02105137 both 1 _start
1201  60.47804500 -151.02294825 both 2 _stop
1201  60.47719746 -151.02658066 both 3 _stop
1201  60.47720261 -151.01879294 both 4 _start
1201  60.47720112 -151.02105138 both 5 _split
1201  60.47719978 -151.02307077 both 6 _split
1201  60.47711252 -151.01875116 both 7 _stop
1201  60.47711510 -151.02659112 both 8 _stop
1201  60.47715628 -151.02679482 both 9 _stop
1201  60.47714005 -151.03063047 both 10 _stop
1201  60.47787839 -151.03085610 both 11 _stop
1201  60.47627994 -151.05111875 both 12 _stop
1201  60.47627067 -151.04334719 both 13 _stop
1201  60.47690078 -151.04308396 both 14 _stop
1201  60.47747838 -151.04252614 both 15 _stop
1201  60.47779961 -151.04171761 both 16 _stop
1201  60.47788186 -151.03869615 both 17 _stop
1201  60.47785827 -151.03773188 both 18 _stop
1201  60.47780440 -151.03641697 both 19 _stop
1201  60.47784209 -151.03477318 both 20 _start
1201  60.47592825 -151.03374615 both 21 F_stop
1201  60.47591737 -151.03630980 both 22 E_stop
1201  60.47556676 -151.05183813 both 23 C_stop
1201  60.47574819 -151.05180686 both 24 C_stop
1201  60.47591894 -151.05160474 both 25 C_stop
1201  60.47601025 -151.05134246 both 26 C_stop
1201  60.47771324 -151.03102017 both 27 _stop
1201  60.47778450 -151.03832177 both 28 _stop
1201  60.47775376 -151.03786853 both 29 _stop
1201  60.47770869 -151.03731964 both 30 _stop
1201  60.47770869 -151.03686640 both 31 _stop
1201  60.47771035 -151.03371548 both 32 _stop
1201  60.47606816 -151.04329127 both 33 A_stop
1201  60.47612350 -151.04274384 both 34 A_stop
1201  60.47622232 -151.04234079 both 35 A_stop
1201  60.47614030 -151.04195178 both 36 A_stop
1201  60.47626777 -151.04204603 both 37 A_stop
1201  60.47640019 -151.04194978 both 38 A_stop
1201  60.47645355 -151.04183748 both 39 A_stop
1201  60.47653754 -151.04166303 both 40 A_stop
1201  60.47659881 -151.04148255 both 41 A_stop
1201  60.47661956 -151.04124393 both 42 A_stop
1201  60.47661652 -151.03671624 both 43 A_stop
1201  60.47661937 -151.03596259 both 44 A_stop
1201  60.47661803 -151.03631723 both 45 A_split
1201  60.47661400 -151.03392868 both 46 A_stop
1201  60.47661400 -151.03354601 both 47 A_stop
1201  60.47661400 -151.03373079 both 48 A_split
1201  60.47659888 -151.02517576 both 49 A_stop
1201  60.47801031 -151.02122318 both 50 _start
1201  60.47720101 -151.02122318 both 51 _split
1201  60.47719985 -151.02296568 both 52 _split
1201  60.47711333 -151.02122318 both 53 _split
1201  60.47711328 -151.02105863 both 54 _split
1201  60.47802802 -151.02306730 both 55 _stop
1201  60.47660013 -151.02455059 both 56 A_stop
1201  60.47659555 -151.01863637 both 57 A_start
1201  60.47659760 -151.02122318 both 58 A_split
1201  60.47659906 -151.02307329 both 59 A_split
1201  60.47711394 -151.02307113 both 60 _split
1201  60.47711390 -151.02295208 both 61 _split
1201  60.47651217 -151.02454985 both 62 G_stop
1201  60.47617612 -151.02454988 both 63 G_stop
1201  60.47593228 -151.02454988 both 64 G_stop
1201  60.47605153 -151.02454988 both 65 G_split
1201  60.47552656 -151.02455404 both 66 G_stop
1201  60.47605216 -151.02536864 both 67 B_stop
1201  60.47605753 -151.05100995 both 68 B_start
1201  60.47605703 -151.04892324 both 69 B_split
1201  60.47605525 -151.04160087 both 70 B_split
1201  60.47605424 -151.03630980 both 71 B_split
1201  60.47605375 -151.03374326 both 72 B_split
1201  60.47495470 -151.05182555 both 73 _stop
1201  60.47495156 -151.02454934 both 74 _start
1201  60.47495262 -151.03374968 both 75 07/25_split
1201  60.47591637 -151.04892564 both 76 D_start
1201  60.47559134 -151.03632201 both 77 _stop
1201  60.47558050 -151.04892455 both 78 _start
1202 21 75 twoway taxiway_B F
1204 departure 07,25
1204 arrival 07,25
1202 72 21 twoway taxiway_B F
1202 48 72 twoway taxiway_B F
1202 71 45 twoway taxiway_B E
1202 22 77 twoway taxiway_A E
1204 departure 07S,25S
1204 arrival 07S,25S
1202 71 22 twoway taxiway_A E
1202 23 73 twoway taxiway_C C
1204 departure 07,25
1204 arrival 07,25
1202 24 23 twoway taxiway_C C
1204 departure 07,25
1204 arrival 07,25
1202 25 24 twoway taxiway_C C
1204 departure 07,25
1204 arrival 07,25
1202 26 25 twoway taxiway_C C
1202 68 26 twoway taxiway_C C
1202 32 27 twoway taxiway_B 
1202 29 28 twoway taxiway_B 
1202 30 29 twoway taxiway_B 
1202 31 30 twoway taxiway_B 
1202 32 31 twoway taxiway_B 
1202 48 32 twoway taxiway_B 
1202 34 33 twoway taxiway_B A
1202 35 34 twoway taxiway_B A
1202 38 35 twoway taxiway_B A
1202 36 70 twoway taxiway_B A
1202 37 36 twoway taxiway_B A
1202 38 37 twoway taxiway_B A
1202 39 38 twoway taxiway_B A
1202 40 39 twoway taxiway_B A
1202 41 40 twoway taxiway_B A
1202 42 41 twoway taxiway_B A
1202 43 42 twoway taxiway_B A
1202 44 45 twoway taxiway_B A
1202 45 43 twoway taxiway_B A
1202 46 44 twoway taxiway_B A
1202 47 48 twoway taxiway_B A
1202 48 46 twoway taxiway_B A
1202 49 47 twoway taxiway_B A
1202 56 49 twoway taxiway_B A
1202 50 51 twoway taxiway_C 
1202 51 53 twoway taxiway_C 
1202 53 58 twoway taxiway_C 
1202 59 60 twoway taxiway_C 
1202 60 6 twoway taxiway_C 
1202 6 55 twoway taxiway_C 
1202 57 58 twoway taxiway_C A
1202 58 59 twoway taxiway_C A
1202 59 56 twoway taxiway_C A
1202 63 62 twoway taxiway_C G
1202 64 65 twoway taxiway_C G
1202 65 63 twoway taxiway_C G
1202 66 64 twoway taxiway_C G
1202 67 65 twoway taxiway_C B
1202 74 66 twoway taxiway_C G
1204 departure 07,25
1204 arrival 07,25
1202 68 69 twoway taxiway_C B
1202 69 70 twoway taxiway_C B
1202 70 71 twoway taxiway_C B
1202 71 72 twoway taxiway_C B
1202 72 67 twoway taxiway_C B
1202 74 75 twoway runway 07/25
1204 departure 07,25
1204 arrival 07,25
1204 ils 07,25
1202 75 73 twoway runway 07/25
1204 departure 07,25
1204 arrival 07,25
1204 ils 07,25
1202 76 69 twoway taxiway_A D
1202 76 78 twoway taxiway_A D
1204 departure 07S,25S
1204 arrival 07S,25S
1202 78 77 twoway runway 07S/25S
1204 departure 07S,25,25S
1204 arrival 07S,25,25S
1204 ils 07S,25,25S
1206 1 0 twoway 
1206 61 52 twoway 
1206 5 54 twoway 
1206 1 5 twoway 
1206 52 2 twoway 
1206 3 9 oneway 
1206 4 5 oneway 
1206 5 51 oneway 
1206 51 52 oneway 
1206 52 6 oneway 
1206 6 3 oneway 
1206 8 60 oneway 
1206 60 61 oneway 
1206 61 53 oneway 
1206 53 54 oneway 
1206 54 7 oneway 
1206 9 8 oneway 
1206 10 9 twoway 
1206 11 10 twoway 
1206 20 11 twoway 
1206 13 12 twoway 
1206 14 13 twoway 
1206 15 14 twoway 
1206 16 15 twoway 
1206 17 16 twoway 
1206 18 17 twoway 
1206 19 18 twoway 
1206 20 19 twoway 
1400  60.47854090 -151.02089349 270.0 fuel_props 0 New Service Truck 4
1400  60.47859577 -151.02091778 270.3 fuel_jets 0 New Service Truck 3
1400  60.47815218 -151.03481687 180.4 fuel_jets 0 New Service Truck 2
1400  60.47817495 -151.03472184 180.0 fuel_props 0 New Service Truck 1
99
